9.835943087137433150e-01,-3.990916966492161322e+00,1.502864147691251873e+00,2.308095462779127249e+00,-3.223936951598607159e+00,-1.330711092494940573e-02,2.572321639071617483e-04,-5.050787244904597628e-04,2.695603595554985077e-04,5.040531478819332278e-04,-5.821522922104804820e-04,1.085061069215242924e-03,-1.792692488834290998e-03
-1.668361376625760562e+00,-2.941069120862637831e+00,-3.028782476489690012e+00,1.559455645261617507e+00,-7.269795351394900962e+00,-2.551070550296866912e+00,-1.831938550397396170e-01,8.867397290349625649e-01,-2.363943522477512715e+00,3.244223288279258099e+00,-1.417222207855155958e+00,4.563977762899540380e-01,-7.469085088460403199e-02
3.929597494223009413e-01,-4.781540205378597364e+00,-2.572862803455794101e+00,9.062751788022185284e-01,-3.434048458611526300e+00,-4.635926585261602284e+00,-6.683953580477464129e-05,-1.247660528704841454e-04,7.443102071000851083e-04,-1.993773526614006641e-04,1.970834692244238795e-04,-1.637742108329121038e-05,-1.410586495058652190e-03
2.488545940297225201e+00,-6.556063770143169656e+00,-9.751314138353359695e-01,1.077299184466117943e+00,-2.294733006308715240e+00,-3.802581614930311549e+00,-3.968319138962783654e-04,-4.005535681940841641e-03,6.188956909348064528e-03,4.561608958027818517e-03,-8.676162054801039858e-03,1.409414783513085467e-03,5.225718531001177780e-04
2.193136902052756909e-01,-2.532991754817212282e+00,1.208141600296923635e+00,1.757766577111664841e+00,-4.234466180562415083e+00,2.496547951313514702e+00,-6.895633011794188860e-05,-1.222758746699526000e-04,7.460730790853631333e-04,-1.992260787595512284e-04,1.970542391696028517e-04,-1.707187289667899677e-05,-1.411700415399508302e-03
-1.175619937731422038e+00,-1.083453102886382524e+00,6.515258815790954117e-01,1.435110876330905283e+00,-3.946771528559830600e+00,1.094323030161560517e+00,-6.798065114566043121e-05,-1.230127656839385963e-04,7.450581572783221418e-04,-2.001374938345179544e-04,1.975543975980542655e-04,-1.717220755992343584e-05,-1.412200725898316023e-03
-3.895715893718281198e+00,4.437362337222516828e-02,-4.586619979540333958e-01,1.106942544236151127e+00,-6.802201821382194424e+00,-8.150162712553727928e-01,9.183800940830977311e-02,-3.995285950997100599e-01,6.758882281722637941e-01,-5.006454501527564105e-01,1.300335569929735868e-01,3.052367690782631371e-02,-2.027063778650628478e-02
-6.055259033803461755e-02,-3.024544111928264556e+00,-1.939490904137024962e+00,1.108037435691095141e+00,-2.707865569534929406e+00,1.658606564912500581e+00,-4.283884410938298970e-04,-1.962554706047114905e-03,3.306488971919208097e-03,2.030739714687257447e-03,-3.729887696120925966e-03,9.835831966569230644e-04,-8.316984073033495406e-04
-2.320798748915983367e+00,-1.509085058530056145e+00,1.554427238493041763e+00,2.255094228409315615e+00,-3.032602021079047638e+00,2.569518988989076824e+00,-1.726189438500114193e-05,-2.438564939630794015e-04,3.701637678723557201e-04,1.653618900618880616e-04,-1.123482360583238915e-04,9.989455870069718912e-04,-1.927986253338787037e-03
-2.784116575097450141e+00,-1.594272141771282847e+00,1.440889214661995155e+00,4.282979950858555318e-01,-7.195467766484919814e+00,1.149795432364633108e+00,-1.326865063927726851e-01,6.258178245333283485e-01,-1.404844024306299843e+00,1.712898556582938880e+00,-1.069677365812582437e+00,4.117100483715496750e-01,-8.110576152668613759e-02
7.149629699123538629e-01,-3.097992791229880361e+00,-1.718280134930107117e+00,2.999505258373452943e+00,-3.374554477954478493e+00,-3.073268474083201696e-01,-4.670608328964931388e-04,5.176762681102786701e-05,8.971864719455879822e-04,-2.995837011816604445e-04,3.413729622998573632e-04,5.900654692361229081e-04,-1.932697448115305860e-03
8.196071368184567607e-01,-3.243835860314645991e+00,-2.128141423378370867e+00,2.640027106000614854e+00,-3.209071149728885075e+00,2.119787077302493827e+00,2.352978390440796375e-04,-5.738589765513779639e-05,-3.822811939713233187e-04,-3.713080061729101544e-05,4.415799166075373705e-04,1.168160159089381978e-03,-2.144156427579702040e-03
-1.806020218460276938e+00,-2.682573679964267654e+00,-1.332975157220611884e+00,1.908945093997300058e+00,-6.994120028959898150e+00,1.426459301839764215e+00,1.030424945506069889e-02,-2.961616511431461873e-01,1.046341827625823839e+00,-1.452592304106580912e+00,7.661134728307565922e-01,-1.662296262739921815e-01,-1.905660317383706115e-03
-2.063329520070249057e+00,-2.046782871315263819e+00,1.240297504028999853e-01,6.012605213876959231e-01,-8.113391461605310440e+00,4.768057384277497590e-01,9.014918176359287827e-02,-4.285085228159974946e-01,8.020009005488546450e-01,-6.767666066202000508e-01,2.527136053467646803e-01,-2.078672549258442359e-02,-9.428239178902231288e-03
2.869657179482109743e+00,-4.522329705098767860e+00,1.294801289738932049e+00,1.439154923920950457e+00,-3.965349628996976961e+00,4.239772178773320022e-01,-6.768363666154186831e-05,-1.235678499362791172e-04,7.448340556308608029e-04,-1.995590224339593988e-04,1.970720712272111541e-04,-1.710350476358257765e-05,-1.411743821311262082e-03
-1.233062056797926687e+00,-7.543348224341368535e-01,-1.627218096989150986e+00,2.807552503367742869e+00,-3.326075797732503503e+00,2.388285649307599456e+00,-1.523194040391473436e-03,-1.335858155471214559e-04,3.349907701167609275e-03,-4.662710928045044056e-04,-4.515359764347692817e-04,-2.809115433244357973e-04,-1.294235937290721949e-03
-2.348912745940927138e+00,1.436420390586791385e+00,3.555711097085485495e+00,1.439661984069882772e+00,-2.714491128253975205e+00,-1.826410850311496858e+00,2.659257327408681704e-05,-3.585620287509527770e-04,2.392085277698186019e-04,1.542240130234517892e-04,3.083397544401123014e-06,1.075606910795556814e-03,-1.834573849659903999e-03
-2.714559583137654997e+00,-1.270076447984717305e+00,2.158494327694474357e+00,6.876940208833896007e-01,-6.821175613065559418e+00,-4.646159546051970679e+00,2.534686391338780709e-02,-1.989532422106954357e-01,3.938690034984286825e-01,-2.107185655465713126e-01,-1.273531158206964164e-01,1.716778773975740080e-01,-5.214095613447966571e-02
-1.378468701733044810e+00,1.687738202977691060e-01,4.713759075326349191e-01,3.345518875545146820e+00,-3.218016374807175062e+00,2.210480330239876778e-01,-5.895642401014811185e-04,-4.986736609957631572e-04,1.993073631101793808e-03,3.738939491313431063e-04,-1.090820945574222378e-03,4.883909942421382766e-04,-1.417461173417677855e-03
-1.580659990794171410e+00,-2.851877222087011887e+00,8.980886777808470001e-01,7.839577283710398303e-01,-7.756037860183527144e+00,-8.294843253896511115e-01,8.297107813186954672e-02,-4.641272170795858187e-01,9.310336382783770404e-01,-7.056089446203035465e-01,1.126441069796335626e-01,1.180286346053414093e-01,-5.120540533765094438e-02
-1.670523726612006765e+00,-1.974539848565601829e+00,-4.628035811592843274e-01,1.370326895385298505e+00,-7.026589939478487423e+00,-2.148462503852829997e+00,1.915552042187655957e-01,-9.910822317267093950e-01,2.579613462399297674e+00,-2.070041721124084688e+00,6.665639796325155686e-01,-5.845542346645871135e-02,-2.702125334943161761e-02
-6.730526696851960367e+00,-3.488570675962294310e+00,-2.048155530687516546e-01,1.893597993317172934e+00,-3.129337095267760382e+00,-1.263575107557008970e+00,3.444037810851341419e-04,3.499367446142542803e-03,-5.728835490234729377e-03,-4.412618893734787662e-03,8.865267356895856210e-03,7.326443824062778276e-04,-4.353017294654648595e-03
-1.907139361419867285e+00,1.179779578211324065e+00,1.967426463999969677e+00,2.559995465688120753e+00,-4.331212114127840351e+00,4.358957349988124008e-01,-6.826713844176879320e-05,-1.225579713270974480e-04,7.457946291218320312e-04,-1.997078080648861942e-04,1.974173399830192466e-04,-1.632262907236281535e-05,-1.411985503715129653e-03
-8.269569660963884683e-01,-2.136821977150314744e+00,-3.581384694882955078e+00,2.420844472324863883e+00,-3.151000758145112712e+00,5.124608990923622542e-01,4.191011871093053287e-04,5.119362859993259462e-04,-1.746040911061896850e-03,-7.444980554289770680e-04,2.218620689919958977e-03,1.333196882047360532e-03,-2.845474548461623954e-03
-2.574702272429305161e+00,-9.315323379312534513e-01,2.274444626083140797e+00,1.545038917511395660e+00,-3.840593352624429357e+00,-1.170257991036303125e+00,-6.793629709989090770e-05,-1.235246999868877538e-04,7.453973632038923824e-04,-1.995447195604072022e-04,1.970412394918241716e-04,-1.638202515508169199e-05,-1.410900496846778651e-03
-1.238812541858057115e+00,-2.700721242881632733e+00,9.035823900395083541e-01,3.738260359337938210e-01,-7.325232141243864348e+00,1.267795859616861698e+00,1.351091671759938606e-01,-6.622414212964251590e-01,1.379306398591740646e+00,-1.278600696335399078e+00,5.873172199582405995e-01,-1.512640638035449570e-01,1.673746438053314023e-02
-7.351763367234909197e+00,-1.289804805962978307e+00,-3.317360959067110926e+00,2.254430217893705013e+00,-3.040023114310518082e+00,-3.544321025106045298e+00,1.942083155661578076e-04,-1.211187647598421790e-05,-3.965249063888620640e-04,-4.667673758973478471e-05,5.526366233823409857e-04,1.123538165018089785e-03,-2.218063248616175542e-03
-3.034085229071833201e+00,-2.178722427708490450e+00,3.513610127984975406e+00,6.875811987635456202e-01,-8.125607401496299786e+00,1.613912472970497447e+00,-3.135725459466343068e-02,1.554604475982408474e-01,-4.546903187887174624e-01,8.111650392268181520e-01,-7.660058728540466433e-01,3.603197177917927263e-01,-7.421630600020634461e-02
-2.711227213533005553e+00,1.339084024579621612e+00,-1.766203258856166691e+00,2.291780263430226228e+00,-3.067583093397201921e+00,-5.168984671930507702e-01,-6.137618866723926203e-04,4.143849851594438860e-04,6.315308065509839253e-04,-8.213413767705901591e-04,1.132314696050684688e-03,4.988338405844672252e-04,-2.034933244988934575e-03
3.697989723306862597e-01,-8.753704436227856434e+00,8.727650745976465174e-01,1.464018010538159054e+00,-2.946966734308350766e+00,-5.978969666203610700e-01,-2.579514204782640263e-03,-2.474915710767078281e-03,8.738652864732188164e-03,2.235334696326418680e-03,-6.560909689017790924e-03,-6.248317051280594114e-04,6.483500900422711766e-04
1.663828032405294532e+00,-6.575980445024502963e+00,-1.315399277735913586e+00,2.053584313225336189e+00,-4.089002621210743982e+00,-1.137911660367116440e+00,-6.589114552468799957e-05,-1.248112598268846796e-04,7.435421665036301420e-04,-1.997748133852894625e-04,1.972106638952197954e-04,-1.666748917017457643e-05,-1.412116515890460278e-03
6.953195217717353938e-01,-3.982565021606444766e+00,3.623030461480865938e+00,2.617194138441918838e+00,-4.195341231787678815e+00,-2.696480577335305995e+00,-6.868424884487467352e-05,-1.210810844050058677e-04,7.468489349093943019e-04,-1.995789570230499521e-04,1.982699397231613148e-04,-1.627311449325929971e-05,-1.412769035013639041e-03
-3.126609966226803206e+00,2.675119729550239356e-01,2.022405765180534942e+00,1.910011827141464336e+00,-2.922889307239912249e+00,-2.472824363541888282e+00,9.602190782587172180e-05,-2.214009493357593783e-04,-9.100248140470057479e-05,1.877843128852418886e-04,2.662794803569568103e-04,1.094977585456291536e-03,-2.104228026450272182e-03
1.368684936257682061e+00,-5.916557626299384864e+00,-2.943371054866443792e+00,1.318379947943558950e+00,-3.031118333113285601e+00,5.253258284553847801e-01,6.986705392186820518e-04,-1.458825365645566308e-04,-1.259634194592962331e-03,1.737040056113414721e-04,5.527047129660900282e-04,1.415189671469363475e-03,-2.238210955255226509e-03
-1.027038196175706242e+00,-1.797498366253725166e+00,6.381224773569051933e-01,1.271267958510500229e+00,-3.694313260594580761e+00,-5.217714065902063325e+00,-6.787693731524768737e-05,-1.235137277681985779e-04,7.455261473161556296e-04,-1.992244592408098924e-04,1.972991854692907054e-04,-1.559399967021590783e-05,-1.410789288865288427e-03
-2.941328027997992312e+00,-1.237411179769942748e-02,9.719049141287099403e-01,1.211185576342043380e+00,-7.216098563139333066e+00,-7.455563689722595200e-01,2.024042798183209868e-01,-1.023031387314823348e+00,2.589711466621453795e+00,-1.989464731829880151e+00,6.412662129665793742e-01,-6.250210575080217268e-02,-2.122118102948533647e-02
2.391979034113157709e+00,-4.792431352628997665e+00,2.154448720649185134e+00,1.759081824436068198e+00,-2.707297922862972328e+00,-7.315068474044359448e-01,-2.450018519155605645e-04,-3.217748937487385774e-04,6.809225581285716089e-04,1.285771954258052574e-04,-5.216769597637949119e-05,9.035199059148624201e-04,-1.769686341990706069e-03
-1.963462934895682910e+00,-1.764246147351881788e+00,1.996779219346868750e+00,6.098525721646578246e-01,-6.107945807937932514e+00,-8.644523434302149312e-01,5.765388472391563823e-02,-5.130903632807086723e-01,1.629394986051798000e+00,-2.289987913753789073e+00,1.058051471815746325e+00,-2.528515483903071015e-01,1.270730455679114357e-02
-4.297069911027834976e+00,-2.203844335682632050e-01,-2.031953559112801067e+00,2.265136696983561126e+00,-3.129759157161108973e+00,4.874756274315039661e-02,1.879793731554002534e-04,1.197724058435767347e-03,-2.201613770154153826e-03,-1.568609995551639713e-03,3.528390456015273458e-03,9.872377257167386233e-04,-3.027404083031370874e-03
-2.810341818757106758e+00,-2.429747393383736132e+00,9.190351658107172028e-01,6.766468420153834984e-01,-6.427776532877047089e+00,-7.815182487003697887e-01,1.295759737601542838e-03,-1.480745558674350093e-01,4.491660979962439626e-01,-4.583576251473715502e-01,1.359689092138047783e-01,4.699736130853793270e-02,-2.937829991084228709e-02
-2.817115802757686804e+00,-7.258494384897957730e+00,-2.966795397535467504e+00,9.694725047430563514e-01,-8.322761301351720320e+00,-3.932892874541700667e+00,1.139210662684497777e-01,-4.607956110130366767e-01,6.649470353603454953e-01,-3.109712763730314578e-01,-1.051260496792423282e-01,1.550094065006710764e-01,-4.558280123938729389e-02
-1.243662966263385350e+00,-4.174959848622190606e-01,2.388043797857956285e+00,1.401459468461708546e+00,-3.971626220384373518e+00,7.966994544158174207e+00,-6.848662744474154351e-05,-1.227697072820888025e-04,7.455876988622378576e-04,-1.996594719066990820e-04,1.972306808397661371e-04,-1.682173655481733476e-05,-1.411699951162859179e-03
-5.537930563153765640e+00,8.534424224656707025e-01,2.693527954661606216e+00,5.382816727663906065e-01,-6.640584481377117321e+00,-4.469698046085417431e+00,-1.900733747884579827e-01,8.498873424656903097e-01,-1.808494151629799873e+00,1.758662763263037832e+00,-8.617737725858667375e-01,2.640905735922505215e-01,-3.989877989301504613e-02
-2.375976205760593984e+00,-1.053104849619719730e+00,1.224720960327621455e+00,2.173079590965598218e+00,-3.122007735761380687e+00,-3.391203398311924300e+00,-5.883368076453621143e-05,-3.666251984917323625e-04,6.711241030288306320e-04,3.456828203916018083e-04,-4.766177871431409585e-04,9.276542104785789888e-04,-1.838703445500300404e-03
-9.380931422328218083e-01,-1.780335703884193599e+00,1.489112525411811383e+00,1.581044462646125526e+00,-3.929156608084755753e+00,-1.853067971106227674e+00,-6.532728742314475312e-05,-1.250638917866808697e-04,7.439577609389402824e-04,-2.000667198913674838e-04,1.977353294861927679e-04,-1.457491403655808426e-05,-1.411613178934345569e-03
-1.337973079686980427e-01,-2.674233756267813789e+00,-2.395980673248933712e+00,1.552524933739962254e+00,-4.012083852841489495e+00,5.870906304376024565e-01,-6.711457612951221563e-05,-1.235192710673516103e-04,7.450220126692386202e-04,-1.996738182974411302e-04,1.975385372112725690e-04,-1.630660543128215068e-05,-1.411759394574829685e-03
-8.864665379777272314e-01,-1.520533331467843752e+00,6.738435003425404801e-01,2.296771586450082836e+00,-3.131282937728875559e+00,1.126385545207827299e+00,2.991147665234450415e-04,-1.489459422181482751e-04,-4.823746428783692863e-04,1.781170410701804485e-04,2.926332573700562989e-04,1.227449114161061061e-03,-2.139551605733203132e-03
-9.998301574616408338e-02,-3.465906571013251281e+00,-1.167788257985868050e+00,2.059945000260885450e+00,-3.257859543168927452e+00,-2.371664868778952773e+00,5.232460951667405880e-04,-1.510676693285972760e-04,-9.001816006062313136e-04,2.834377175560121032e-04,2.878425189791755656e-04,1.460007600815771411e-03,-2.336957696730479483e-03
-2.328763861442862293e+00,-3.285468502973376559e+00,-1.107799253634051517e+00,1.261579747280646480e+00,-2.811338017935986144e+00,1.498149494848997065e+00,4.285188654726823643e-04,3.502888587263441877e-04,-1.527534725425994111e-03,-4.998868603820483258e-04,1.680304036753454966e-03,1.148894266769673322e-03,-2.369764715279387701e-03
-2.033092439460615353e-01,-1.565290516300809287e+00,-3.774198177351427042e+00,6.096197761393100656e+00,-3.317274826979644153e+00,-1.165831200950179891e+00,-3.528200548856830210e-04,-4.257542764918298417e-05,8.079251428831923931e-04,-1.519661000379812776e-04,1.895664780207084732e-04,6.741619804344622935e-04,-1.887524323141320792e-03
-3.842515473305734730e+00,-2.785720837783490111e+00,1.241068933652957895e+00,1.955616859791057927e+00,-7.934341409426487246e+00,-2.269126542541677338e-01,-1.722912301661239098e-02,-1.285223117482026112e-01,6.247116140631661096e-01,-9.518523472176063649e-01,5.743544631107813103e-01,-1.319632325803503647e-01,-2.955683933560493415e-03
-3.026745522154187906e+00,-1.700334241346075359e+00,1.860043055175719218e+00,7.552648681180453849e-01,-6.268889543203995274e+00,8.872066457156702057e-02,-1.581889781358114533e-01,5.341651505564808389e-01,-7.292854276004607783e-01,5.762251170175076709e-01,-3.715512995335572555e-01,1.889004368359792352e-01,-4.937716870303887617e-02
-1.830836643241197326e+00,-4.661112333667734475e+00,3.859861984282344949e+00,5.325617916321077061e-01,-6.131822016538725606e+00,1.357188326968874037e+00,-7.752970316205320955e-02,1.229808115397510448e-01,1.301517086150596469e-01,-3.723108199372333615e-01,2.347879171232420958e-01,-2.974382774373296456e-02,-1.289102349651827240e-02
-1.200623415251600434e+00,-2.369141226106336262e+00,-5.033612301143932655e+00,1.657294337772841519e+00,-4.246779063940776311e+00,5.471049574823974027e-01,-6.435528228365683390e-05,-1.265665711187580200e-04,7.414182460294682642e-04,-2.017502037041651874e-04,1.977574108664725827e-04,-1.768127227208537988e-05,-1.412607344210670135e-03
2.018310657964061505e+00,-2.762584680104199109e+00,1.001380385088168623e-01,4.363805156096227655e+00,-3.137043516193265269e+00,-3.135041307333791494e+00,-3.216348732060225757e-04,-1.244105746565082882e-04,7.789770905866078010e-04,-1.115386905006232610e-04,1.640637311481896177e-04,7.413900792627714509e-04,-1.829054000936025659e-03
-3.191873150840806694e+00,-3.308952717719480852e+00,-9.796163350654740753e-02,6.662729180173807553e-01,-1.043491894254307439e+01,-1.325261253340974221e+00,-2.420215555927658357e-01,1.037399250753114899e+00,-2.065998136297750420e+00,1.641209674244258565e+00,-7.191606328508886037e-01,2.090061322851468617e-01,-3.313588386676968867e-02
-5.567114351492585822e-01,-2.171282587926468111e+00,-7.136889350572888091e-01,2.048544397730553523e+00,-2.954987462348857896e+00,1.053300010102357298e+00,-1.544570693425839636e-04,-6.964089159566810849e-05,2.669425885564180589e-04,-1.559450973580567279e-04,5.189670621490449776e-04,7.624347201797831985e-04,-1.904459390054569212e-03
-1.091075725733130719e+00,-4.983853403072661337e+00,2.220715905523263700e+00,1.315366160657654548e+00,-7.251772489945153666e+00,-9.048710902111194443e-01,1.478184207610553358e-01,-5.969868473146160426e-01,8.961044953878349872e-01,-5.092092118306830173e-01,3.429322280931756950e-02,8.101384776816544786e-02,-2.644293484033255481e-02
-1.445519184846691951e+00,-2.299068358018894642e+00,8.024765816378227612e-01,1.398478187873415823e+00,-2.906572990121061295e+00,-1.303881409375364342e+00,1.324354428788865334e-05,-2.428346725029228992e-03,3.481837507941065724e-03,2.956757294303002936e-03,-5.568901762970313030e-03,1.347031441937929230e-03,-3.927813215547359960e-04
-3.128974059050521284e+00,-2.947740984118838448e+00,8.304245812461861220e-01,7.810906425419148480e-01,-7.288903264323492337e+00,2.886458822357163001e-03,4.262456970630168485e-02,-4.209718148203371868e-01,1.313372960805978096e+00,-1.810437679496278207e+00,9.558331457804634113e-01,-2.552693139907038500e-01,2.087590433281860669e-02
2.206877004573615242e-01,-4.397883708874665842e+00,-4.993416642433912145e-01,2.009028849352237689e+00,-2.946795675693214100e+00,-1.986654679634056286e+00,-7.703305419326511583e-05,-9.135463803033871955e-04,1.440629109147550935e-03,1.009110041721328344e-03,-1.805096399813521657e-03,1.076472756921020846e-03,-1.428300467210874558e-03
5.141507544506202620e+00,-9.016206786571725473e+00,-5.495186081455107896e-01,1.370644320794389692e+00,-3.060161556986311204e+00,-1.290748805765120188e+00,1.033449173796441301e-03,1.843825327043191464e-03,-4.840811183946414076e-03,-2.000367027665816977e-03,5.032043324920465466e-03,1.707446156501646328e-03,-3.729166036006148488e-03
-3.519710204742638293e+00,-1.475958559638812062e+00,-8.601744950320631133e-01,5.929264714271648140e-01,-7.706559696801928538e+00,-4.116876183027240010e+00,-3.148527329166093125e-01,1.389724962321418289e+00,-4.260498726563453076e+00,2.914376326985529175e+00,-1.216074844215796702e+00,4.403563940125287957e-01,-9.068874759510592298e-02
-1.751802514276517897e+00,-3.327266246937224281e+00,8.603752498157062334e-01,3.495296724629414875e+00,-9.725898416670435864e+00,2.824820712946150891e+00,-2.858689946736721055e-01,1.238440448047690268e+00,-2.633501998970499969e+00,1.767361079912287636e+00,-6.575965647386770030e-01,1.466843127041101980e-01,-1.421156736861917125e-02
-4.997570203469573258e+00,-2.298848435369935217e+00,-4.325648356059925703e-01,9.948148082850232221e-01,-9.126562615127161493e+00,-1.103435589010575590e+00,6.492689400846884951e-02,-3.695934701101499797e-01,9.019886145015512113e-01,-1.132939167838832972e+00,7.155232933013806473e-01,-2.396723759706684831e-01,3.169185963881204771e-02
-4.585572760740008746e-01,-3.821399091340175858e+00,-1.671605252335828240e-01,3.493143192248340689e+00,-1.036779261763896898e+01,-4.946709137272576662e+00,-9.995993727537921814e-02,3.300773326981136790e-01,-4.458998101517686052e-01,3.469305379679283874e-01,-1.926543535741203073e-01,7.313152341038886561e-02,-1.409889474847503266e-02
-1.350941618245411702e+00,-2.970943082066293428e+00,-1.893262461166129285e+00,2.255382826800672813e+00,-7.540005228903450707e+00,3.505786033672837476e-01,1.049857336288582133e-01,-4.995769090493009656e-01,8.796705752039049031e-01,-5.845480002014831200e-01,4.933810627432322349e-02,1.202321923530291770e-01,-4.555540520841816488e-02
-1.673780802241057408e+00,6.478973007707438114e-01,-3.867278427261719997e-01,6.252332889768563717e+00,-4.652962912963017672e+00,5.226453634342806964e-01,-6.774838016809781038e-05,-1.231166252289028762e-04,7.451542417697964993e-04,-2.000458429698426244e-04,1.973249626274764523e-04,-1.676312263043655548e-05,-1.412106391232015312e-03
-1.601139087077718681e+00,-1.141625515892611631e+00,-2.153200395915613186e+00,7.312079743668731258e-01,-3.438218234742414836e+00,1.492396174832411049e-01,-6.711504373768661935e-05,-1.232123251320160762e-04,7.439852498194454711e-04,-2.013145521502224256e-04,1.985787341247657878e-04,-1.780195927736372141e-05,-1.413514223951750637e-03
-4.531870743708920735e+00,-4.260219467909339031e+00,2.065189256160216758e+00,2.813493422934994825e+00,-3.124035354482463944e+00,-1.976101594771835224e-01,-1.818029171651858178e-03,1.655228041069989331e-03,1.040104381480944085e-03,-2.655195458554970855e-03,4.205609905433504991e-03,-8.271491612141801397e-04,-2.567210094237992735e-03
-1.599543841733216176e+00,-3.663570709365751910e+00,-3.108973456256128642e+00,1.611103088640457592e+00,-2.966889612157848966e+00,-2.102871663481851172e+00,-1.921127113170939538e-03,-3.582688393546362704e-03,8.995826691325703450e-03,3.772927889151844738e-03,-8.843143312390111532e-03,7.964162749374281702e-05,9.491094826010737506e-04
-7.340788403263216466e-01,-5.481531179772662021e+00,3.174150010026686175e-01,5.188181570751633220e-01,-7.805136563441623210e+00,-1.099168010679939300e+00,7.217342659816594619e-02,-3.077326188491689152e-01,4.176033398368073080e-01,-9.413120848884659608e-02,-2.323963809235980449e-01,1.956751767538875697e-01,-4.988853251032665526e-02
-2.839532332745775101e+00,1.337213715549282256e+00,-2.483251430330445153e+00,1.403097020205425816e+00,-2.949570651100343888e+00,-5.399093198597650911e-01,1.055681116611140169e-03,8.458765590546590829e-05,-2.510053287029023750e-03,1.160782665010628989e-05,1.444149381935488918e-03,1.763982139038944297e-03,-2.624597005748796619e-03
-3.985374281755512005e+00,-4.338295110181515923e-01,2.098805667097378702e-01,8.450340269032283746e-01,-6.811234873501496700e+00,-1.601085471262197579e+00,1.546322973961551384e-01,-7.374261301084441556e-01,1.361520707079064252e+00,-8.924056983555264111e-01,1.292980008078856713e-01,1.245081463452883952e-01,-5.080355994460816760e-02
3.405092144022959566e+00,-1.069470594619726000e+01,6.209969553286001087e-01,2.026875157898527124e+00,-3.070078842217382586e+00,-3.898482573452977107e-02,8.151898906625376640e-04,2.236864141305971998e-03,-4.992933844235381002e-03,-2.681812205945988126e-03,6.205888305732543131e-03,1.436533366469205930e-03,-3.992011547655494041e-03
-2.702469780030186453e+00,3.586685847477379951e-01,-1.428988080904991520e-01,2.318249825429353983e+00,-4.138875102812475504e+00,-1.961513621218280434e-02,-7.069843139362319562e-05,-1.203094554149686246e-04,7.476449702252807583e-04,-1.989826355881518793e-04,1.972883969010297278e-04,-1.711190122932748636e-05,-1.411985836973883579e-03
-8.119776227606692043e-01,-1.844660284117772164e+00,-3.575403816512037647e+00,1.812115571957473081e+00,-3.092650955564979043e+00,-2.744263911078073548e+00,-2.681311410874798185e-04,4.684633437790353128e-05,3.765614324713340011e-04,-3.006043889506315736e-04,5.702020472604374390e-04,7.828877776177023406e-04,-1.994574567259377318e-03
-1.636197399928849272e+00,-2.728764328185522281e+00,1.520669937791057080e+00,3.724061462160840330e-01,-7.660200886950013555e+00,-1.512942630173609970e+00,-1.856661305635967096e-01,6.652348470218516496e-01,-8.437100214800015152e-01,3.669480352729426187e-01,4.502261569825449783e-02,-8.731827710879258575e-02,1.900092694305755003e-02
2.554237377245232476e+00,-3.881002724559070138e+00,-2.963627830918990735e+00,2.773349948240591889e+00,-4.565163513987974042e+00,2.490423712111141441e+00,-6.766626225385152793e-05,-1.219501017999391479e-04,7.453735020952478862e-04,-2.002365598912092537e-04,1.982885228564157387e-04,-1.723257796371058248e-05,-1.413788634405221956e-03
1.365701461163691288e+00,-5.750940467146033797e+00,-2.395436734083398633e+00,1.047187025674969796e+00,-7.267316010123489711e+00,1.174875512914518971e+00,-4.866162728996670239e-02,1.402383520841965492e-01,-1.460322318692703902e-01,1.025208189035602402e-01,-1.107056337696761261e-01,9.285435545166365046e-02,-3.227784989794102444e-02
-4.026577503391270518e+00,-1.406956241848275724e+00,-8.698981724715837416e-01,1.977631075743210287e+00,-7.130285946327005853e+00,1.074807332828271456e-01,6.389370805970884248e-02,-4.518247635530592277e-01,1.184805554395298444e+00,-1.383841134763612146e+00,7.119730137915389889e-01,-1.853527061585218405e-01,1.604394014162124904e-02
-3.028314100382966778e+00,-1.441023684277132233e+00,-3.104528703199394002e-01,1.809023618609998385e+00,-6.690243895555514797e+00,-1.882243418618253727e+00,-4.721265440257838009e-02,3.271739107092734855e-01,-1.083280188337653271e+00,2.189279298991557710e+00,-1.768027848742523389e+00,6.896233938261779883e-01,-1.359459549916053334e-01
-1.344024548358526916e+00,3.919983961477964129e-01,6.046418682329424144e-01,2.401936996376492051e+00,-2.763050323579428813e+00,-3.651363395242736232e+00,3.080458482394021758e-04,-1.720794492214849924e-04,-5.777772187940399817e-04,4.483100050123312030e-05,6.086323836314022628e-04,1.270823930575204486e-03,-2.169619332075711782e-03
-1.176559768379541904e+00,-2.807363709629532522e+00,8.853890991440316327e-01,3.757623167101392436e+00,-8.373773851837679416e+00,8.561232021653903956e-01,-2.147139423549297987e-01,8.314413173922226008e-01,-1.384353527263987971e+00,1.157605111051857705e+00,-6.392773373844011786e-01,2.564952124119823651e-01,-5.654590659068503555e-02
-3.767457894941969698e+00,-6.094095714432654631e-01,-3.550955652583889233e-01,1.886341490695025325e+00,-2.900380986311190235e+00,5.068899812392810844e-01,6.592859017011676315e-04,4.695371194074482446e-05,-1.488544598394980767e-03,-1.317427685982863750e-04,1.046256893538100030e-03,1.543961413688066386e-03,-2.440411859453206489e-03
-1.546270956125523011e+00,1.581014014996055650e+00,2.369227273941235445e+00,2.200649391849042846e+00,-3.197044258959436114e+00,-1.700211552818578831e+00,-7.605998287338877617e-04,-1.488148181252313407e-04,1.676498026782269335e-03,-2.114025201365166140e-04,-6.688535999543887556e-05,3.604758396207330406e-04,-1.614596269888579627e-03
-1.862616005767840033e+00,-1.086810632094353402e+01,4.976045057264337323e+00,5.429591410517355943e-01,-8.181411386694257715e+00,-6.236108072797028612e-01,1.024219896643820960e-01,-5.590492252561229947e-01,1.148059971200023455e+00,-9.163542325632079155e-01,2.438514410169680957e-01,5.322372900867478052e-02,-3.456719660135121330e-02
-2.899996691046270225e+00,3.940816044528840933e-01,-7.185380226087367816e-02,9.557191330177112754e-01,-3.467313557338717267e+00,-1.623263379678253848e+00,-6.788526238565850690e-05,-1.229120122197002729e-04,7.453024560248877606e-04,-1.999204770442020163e-04,1.978043138137763890e-04,-1.597603271008551928e-05,-1.411950207899081988e-03
-2.137789731399237780e+00,-2.027136055622378308e+00,3.543550284366183689e-01,1.209777448986223192e+00,-7.461169594714140985e+00,-5.182414249864315536e-01,1.687323859669334070e-01,-7.618429584723624970e-01,1.383610777331767849e+00,-9.766765517043474176e-01,2.669997083036346197e-01,2.094677614427453705e-02,-2.160957643647165582e-02
2.704102192603836663e-01,-3.375422006103035777e+00,3.740499898669337409e+00,2.499782494878153294e+00,-4.337581491033374093e+00,6.570493291826959847e-01,-6.529723439285817221e-05,-1.260224736263637624e-04,7.434918502760012871e-04,-1.997624612997128679e-04,1.966763008489635922e-04,-1.584466348347746134e-05,-1.410554442465183911e-03
1.028168005870340851e+00,-2.530124441191398788e+00,-4.455169160274943252e+00,7.070351865160775517e+00,-3.431356565151490123e+00,-2.867902848737632127e+00,-9.575539555584100526e-05,3.657902860254580446e-05,1.654886483279938147e-04,-1.913518751095466541e-04,5.132870349697782331e-04,8.542454195215043455e-04,-2.068621874535381266e-03
-2.529646847997968351e-01,-3.510852639582205725e+00,2.015537635199218691e+00,2.312254792394493830e+00,-4.163408520162349191e+00,2.043062722832262423e+00,-6.758819913343927510e-05,-1.227535366687959595e-04,7.454585912931577241e-04,-1.997926975292330098e-04,1.975925817525592265e-04,-1.664186661187727623e-05,-1.412288880299428229e-03
-3.060988895828471001e+00,1.569023733381325059e+00,-1.885206089791324757e-02,2.407976617919835416e+00,-3.489839960828770238e+00,-2.993975829161805713e+00,-6.567367791205924732e-04,4.542623192804740029e-04,7.899155243684674588e-04,-8.298457009416893015e-04,1.103341300716209616e-03,3.183933847168418652e-04,-2.086001164133932662e-03
-2.153977155270941246e+00,-1.552553149172480218e+00,1.559118417363704268e+00,2.461051626278947246e+00,-4.204135161810806487e+00,8.851322878503236069e-01,-6.748101481690582659e-05,-1.237969369469738012e-04,7.448328549948257660e-04,-1.997150969010874633e-04,1.968862694710082906e-04,-1.661234858119087221e-05,-1.411426821970707124e-03
6.938196322929783832e-01,-4.355217444043372410e+00,-7.723538849421780483e-01,1.156605365413973630e+00,-2.740229726622125384e+00,2.689951218831078350e+00,1.142227121754046948e-03,-1.437908676955146348e-03,-2.765728222478003318e-04,1.887508546531080356e-03,-2.405636365008234634e-03,1.799540348887518348e-03,-1.325332914966281805e-03
-3.991449296829718385e+00,-3.657333980530808049e-02,7.808513784076724917e-01,1.000811869951721889e+00,-7.137764765038960846e+00,-3.207888242114504962e-01,1.745539718417887798e-02,3.655731474393419944e-02,-3.441007362324555174e-01,6.984546750619209377e-01,-6.179252396411598625e-01,2.637716017529854184e-01,-4.958827006231558698e-02
4.132332532730401020e+00,-4.502941066689441385e+00,4.775976719777561108e+00,2.337985152570780656e+00,-3.336214194396877275e+00,3.185682289329374584e-01,-1.114095996452846293e-03,6.981275049326995941e-04,1.083243783856602249e-03,-1.262727920252615377e-03,1.788372116283909463e-03,2.281859473285408058e-04,-2.329218479840022837e-03
1.865821560668632362e-01,-2.577060975420986111e+00,2.549462530770039592e+00,2.018143035457172996e+00,-3.407050870956764399e+00,2.778135117872259308e+00,-8.423552252665444939e-04,1.869863479129207917e-04,1.407956749638117344e-03,-6.659273989555458684e-04,6.040156371618365938e-04,3.396198582343856742e-04,-1.868681297732877056e-03
-3.789097884384341697e+00,-1.049005914804219231e+00,2.179818825291907736e+00,3.983594472091646077e-01,-7.241767488926841523e+00,4.535229535614957008e+00,6.356518603391947408e-02,-5.993723300932725095e-01,2.157913561349330323e+00,-4.340227620896035532e+00,1.351002735087408979e+00,-3.221469656748485733e-01,2.186593711759243774e-02
-3.582299975902604849e+00,-2.029224146268962414e+00,1.320980227841532795e+00,1.771473484510909469e+00,-7.523769769325505230e+00,-2.677073172446401195e+00,-1.925580000450715090e-01,9.704642574435418112e-01,-2.958071216997550934e+00,4.799008626327008642e+00,-1.434745679486269410e+00,4.254227542500341741e-01,-6.371177542600392485e-02
-5.022488964091835761e+00,-6.052334841687031286e+00,-7.318099980780710112e-01,2.807354306671668187e+00,-3.595317188862789060e+00,-2.677937361374684855e+00,-2.387078843906209613e-03,2.887300943879012038e-03,1.372519325904875132e-03,-4.611436706749572068e-03,5.335431891005271154e-03,-1.079872439078144453e-03,-2.566701829195494611e-03
-2.198640017327346818e+00,-3.187189912549434290e+00,-3.780516306344050559e+00,4.828070958628649656e-01,-6.156419279521047727e+00,2.590333779308546802e+00,-1.003003614095199225e-01,3.375978920792288562e-01,-4.776488567796306484e-01,4.060135878581458968e-01,-2.543514527446486539e-01,1.103964256174201353e-01,-2.464758728611116112e-02
-5.505907005438946733e+00,3.680332105940795628e-01,1.061348368423391086e+00,9.263530079509171289e-01,-7.335760968470710353e+00,-1.126303157186909765e+00,-3.143596364338048232e-01,1.133491277703617683e+00,-1.309072935503875712e+00,3.673340364339061637e-01,2.022906913123101447e-01,-1.523538979781946523e-01,2.109315370195474770e-02
-2.230036890795735971e+00,9.447804207396064413e-01,-1.381936074540429438e+00,1.547798364075654298e+00,-4.019353460223243246e+00,-9.646830483954076385e-01,-6.811212704960212250e-05,-1.228930393253335751e-04,7.454346407662626461e-04,-1.998160905785084651e-04,1.975197543941931144e-04,-1.655986025994593547e-05,-1.411761273843126219e-03
-2.976505612734827722e+00,-2.471480807546556413e+00,1.527768844058812192e+00,1.807001270769462931e+00,-9.578214040706377830e+00,-2.464196580345811682e+00,-3.022280176175140554e-01,1.331057849063762788e+00,-3.056579441025375488e+00,1.850727749875172634e+00,-6.384479786891752440e-01,1.255582766668545958e-01,-9.379203867766250369e-03
-1.438346024302980197e+00,1.803660972877261237e+00,-1.206470877133625663e+00,2.005336052546755177e+00,-3.038822969800689222e+00,-1.052832536357840354e+00,-3.314919086605527809e-05,-6.573798583602297185e-04,7.595493365286642984e-04,4.186092755702475188e-04,-5.122177338670041991e-04,1.138292545594055127e-03,-1.811620982131501023e-03
-1.927809836578232794e+00,-2.365124688277020049e+00,-6.384482457426976509e-02,9.923620893772258089e-01,-6.658596106867578968e+00,-5.433550142457423959e-01,-3.835587071740924614e-01,1.664125583192857860e+00,-3.091962802775833907e+00,1.174188059214753110e+00,-1.754308534733333147e-01,-5.204523578694875141e-02,1.215526341158934542e-02
1.099641400325485074e+00,-8.528729581289152151e+00,5.092809998659859616e-01,6.516504048890062739e-01,-3.235294635053091561e+00,1.935769592696623853e+00,-6.231615886775898616e-05,-1.272547059691930826e-04,7.407845921569844450e-04,-2.017388866093483557e-04,1.982961501632019008e-04,-1.656628195334519660e-05,-1.412857842367998273e-03
-1.517759604956848030e+00,-3.434213918301400881e+00,-7.046467035064551965e-02,9.572269645173090424e-01,-6.346316492958035127e+00,9.540666850334034166e-02,-2.447261943017391417e-01,1.208509527023579722e+00,-4.347226071993452123e+00,3.094944817083792543e+00,-1.015673342530947210e+00,2.524167704284199232e-01,-3.022591646175598612e-02
-1.652467422506795458e+00,-2.400303722209539359e+00,1.233805900744914474e+00,3.490486067601309195e+00,-3.441540827667632030e+00,1.150872815915570335e+00,-1.028621304126176028e-03,6.081154606896177484e-04,1.443305784889048482e-03,-1.187688788657936811e-03,1.244981825990976176e-03,3.471917140274172198e-05,-2.023733943069316865e-03
-1.953845554143971208e+00,1.771717217696260782e+00,-1.482701067711994725e+00,2.873728184173072631e+00,-3.336766849372627242e+00,-7.158350833528954738e-01,2.952665028388423707e-05,1.456862965447669467e-04,-2.727849252082137355e-04,-2.156458653672643777e-04,7.375857038418587308e-04,9.550272711607021847e-04,-2.199933105522688948e-03
-1.434472009872938436e+00,-2.083227827092652973e-01,-2.130070225055202826e-01,1.584366381381278943e+00,-2.827521807301046408e+00,1.217485163337244103e-01,8.666161582198128599e-04,-2.169349787770613602e-04,-1.627509858050046887e-03,1.983994390748478054e-04,6.660052062059662603e-04,1.669481958810337119e-03,-2.255436343794769982e-03
-9.240940743804275659e-01,-3.349003631804530201e+00,-3.652063658912483302e+00,1.687580619521591885e+00,-3.838549817025296740e+00,-3.717510602621968197e+00,-6.764105784995422255e-05,-1.222170018593260465e-04,7.459903861146699455e-04,-1.994766886923571292e-04,1.983016713857921332e-04,-1.557246335792683567e-05,-1.412321120451309753e-03
-2.653683786175074388e+00,-1.712505383111162516e+00,4.129715690169435405e-01,1.949481369551993026e+00,-7.156779757652302010e+00,1.578429527722302161e+00,-1.684662976378916710e-01,5.932909244986372954e-01,-8.089568408296390345e-01,5.427831462015060282e-01,-2.463716875082511137e-01,1.002118721373363996e-01,-2.748462395053508089e-02
-1.541947185512961394e+00,-1.833458203301304046e+00,4.854515599087807942e+00,2.547608206816569520e+00,-7.368564628193732702e+00,-3.925023006436505479e+00,-2.076515222393204851e-01,9.008376851940678165e-01,-1.715457732376282962e+00,1.357872483984934320e+00,-5.670282402871702487e-01,1.419250016103532630e-01,-1.976169612291300837e-02
-9.612528127863304572e-01,1.932760885088082858e-01,1.446359295702315251e+00,2.506492582766491228e+00,-3.277297955766875326e+00,1.352489733284370388e+00,-1.218945410634830750e-04,9.423397899155361301e-05,-2.757230051386727609e-05,-3.398535694998372492e-04,8.344917633600346107e-04,8.950502148046268758e-04,-2.103464832821089203e-03
-1.558529056727727902e+00,-1.387658270384291015e+00,-1.877870660780568635e+00,3.385571522488848295e+00,-4.355040895484624919e+00,6.451558934948256052e-01,-6.860713205014690175e-05,-1.214642177735925088e-04,7.464984667926444217e-04,-1.995810145594134610e-04,1.978216022031631383e-04,-1.656117876436269398e-05,-1.412581308620985965e-03
-2.065029458217642500e+00,-1.667697800360036453e+00,3.277308671532892959e+00,4.558572830249293384e-01,-7.476542475222072603e+00,-1.141551231792671039e+00,-8.334832481065035381e-03,-1.114492482769122716e-01,4.618933454012772444e-01,-6.759478828213207890e-01,4.571829142113479350e-01,-1.533540152596373218e-01,1.999069890844040742e-02
-1.052644756001512638e+00,-5.233784269873932971e+00,1.275499708849817004e+00,3.841455552680751451e-01,-5.508256670869595695e+00,5.494773940327046802e-01,2.471511826311409976e-01,-1.204833867769314892e+00,3.418068311683663651e+00,-2.222911548766051126e+00,7.025112707041873961e-01,-9.932736229781724546e-02,-9.693029561795185600e-03
-1.384982069961754769e+00,1.458219468304847055e+00,1.532236845011802906e+00,5.051704745052004952e+00,-4.713067421701979676e+00,2.097060602393625572e-01,-7.051725262385843962e-05,-1.207047821694118284e-04,7.476592679509508343e-04,-1.987301775088212707e-04,1.969445622691523567e-04,-1.678474184174660877e-05,-1.411590992407951717e-03
