# T1bar = 140 K, He mass abu = 0.18, H mass abu = 0.82, LM-H/He-REOS.3
# rho(g/ccm)       T (K)              P (GPa)            u (kJ/g)           s (kJ/g/K)
1.9014995881e-004  1.4000000000e+002  1.0000000000e-004  2.0034803178e+000  5.03991658e-002   
1.9903454307e-004  1.4265389926e+002  1.0666089346e-004  2.0276636093e+000  5.03991658e-002   
2.2332043037e-004  1.4960095833e+002  1.2551717446e-004  2.0902202151e+000  5.03991658e-002   
2.2712498980e-004  1.5071000000e+002  1.2860433675e-004  2.1001133078e+000  5.03991658e-002   
2.5056964409e-004  1.5707798704e+002  1.4789206565e-004  2.1565399680e+000  5.03991658e-002   
2.8114376476e-004  1.6499692941e+002  1.7433333818e-004  2.2256197380e+000  5.03991658e-002   
2.9761073816e-004  1.6910000000e+002  1.8915189440e-004  2.2609553240e+000  5.03991658e-002   
3.1544849237e-004  1.7343169810e+002  2.0564564530e-004  2.2980020427e+000  5.03991658e-002   
3.5393902982e-004  1.8245017681e+002  2.4279616012e-004  2.3740163269e+000  5.03991658e-002   
3.8636820662e-004  1.8974000000e+002  2.7569389690e-004  2.4343894840e+000  5.03991658e-002   
3.9712612316e-004  1.9193419303e+002  2.8666558694e-004  2.4540854108e+000  5.03991658e-002   
4.4558283887e-004  2.0145605314e+002  3.3770329881e-004  2.5387740194e+000  5.03991658e-002   
4.9995216813e-004  2.1153164585e+002  3.9800549721e-004  2.6270334647e+000  5.03991658e-002   
5.0707336312e-004  2.1289000000e+002  4.0628798618e-004  2.6388567097e+000  5.03991658e-002   
5.6095555891e-004  2.2181484414e+002  4.6845502812e-004  2.7216103740e+000  5.03991658e-002   
6.2940248914e-004  2.3253908521e+002  5.5126486039e-004  2.8201955744e+000  5.03991658e-002   
6.7166232447e-004  2.3886000000e+002  6.0443896370e-004  2.8778171211e+000  5.03991658e-002   
7.0620120800e-004  2.4388949081e+002  6.4904332334e-004  2.9234175971e+000  5.03991658e-002   
7.9237078783e-004  2.5596393172e+002  7.6472241881e-004  3.0316790137e+000  5.03991658e-002   
8.8276371760e-004  2.6801000000e+002  8.9259889169e-004  3.1381169055e+000  5.03991658e-002   
8.8905464659e-004  2.6882855202e+002  9.0174316742e-004  3.1453292901e+000  5.03991658e-002   
9.9753572036e-004  2.8243831801e+002  1.0637989242e-003  3.2644957948e+000  5.03991658e-002   
1.1192534871e-003  2.9683063466e+002  1.2556047311e-003  3.3893965423e+000  5.03991658e-002   
1.1526876740e-003  3.0071000000e+002  1.3104226409e-003  3.4227605286e+000  5.03991658e-002   
1.2558230675e-003  3.1136234648e+002  1.4794590665e-003  3.5222239002e+000  5.03991658e-002   
1.4090566571e-003  3.2639355019e+002  1.7421348466e-003  3.6615991825e+000  5.03991658e-002   
1.5272761050e-003  3.3740000000e+002  1.9536040335e-003  3.7630028629e+000  5.03991658e-002   
1.5809875724e-003  3.4226609377e+002  2.0522176752e-003  3.8076775554e+000  5.03991658e-002   
1.7738972323e-003  3.5903234220e+002  2.4184328707e-003  3.9608669266e+000  5.03991658e-002   
1.9903454307e-003  3.7664787137e+002  2.8503602739e-003  4.1206214895e+000  5.03991658e-002   
2.0128636547e-003  3.7857000000e+002  2.8977533881e-003  4.1379681584e+000  5.03991658e-002   
2.2332043037e-003  3.9558073322e+002  3.3640781128e-003  4.2908776511e+000  5.03991658e-002   
2.5056964409e-003  4.1554564527e+002  3.9732780240e-003  4.4686245446e+000  5.03991658e-002   
2.6367281742e-003  4.2477000000e+002  4.2780693677e-003  4.5502508735e+000  5.03991658e-002   
2.8114376476e-003  4.3671949330e+002  4.6957619084e-003  4.6556323912e+000  5.03991658e-002   
3.1544849237e-003  4.5920020000e+002  5.5532433682e-003  4.8526537489e+000  5.03991658e-002   
3.4332882550e-003  4.7660000000e+002  6.2861584682e-003  5.0041784738e+000  5.03991658e-002   
3.5393902982e-003  4.8284756655e+002  6.5700795391e-003  5.0603687660e+000  5.03991658e-002   
3.9712612316e-003  5.0728256110e+002  7.7691577279e-003  5.2794274440e+000  5.03991658e-002   
4.4558283887e-003  5.3300300571e+002  9.1909077768e-003  5.5085444246e+000  5.03991658e-002   
4.4852209962e-003  5.3475000000e+002  9.2839711357e-003  5.5240547065e+000  5.03991658e-002   
4.9995216813e-003  5.6015824554e+002  1.0879229554e-002  5.7544622331e+000  5.03991658e-002   
5.6095555891e-003  5.8865406919e+002  1.2883533820e-002  6.0116347711e+000  5.03991658e-002   
5.8616133467e-003  6.0000000000e+002  1.3747443185e-002  6.1137313604e+000  5.03991658e-002   
6.2940248914e-003  6.1891990893e+002  1.5273014422e-002  6.2834003498e+000  5.03991658e-002   
7.0620120800e-003  6.5106690097e+002  1.8127442774e-002  6.5707413493e+000  5.03991658e-002   
7.6158597715e-003  6.7321000000e+002  2.0296543422e-002  6.7679344321e+000  5.03991658e-002   
7.9237078783e-003  6.8490796904e+002  2.1528468517e-002  6.8746454622e+000  5.03991658e-002   
8.8905464659e-003  7.2025416407e+002  2.5572065176e-002  7.1962909845e+000  5.03991658e-002   
9.9035516881e-003  7.5536000000e+002  3.0083882254e-002  7.5152036387e+000  5.03991658e-002   
9.9753572036e-003  7.5776442417e+002  3.0412401350e-002  7.5373040553e+000  5.03991658e-002   
1.1192534871e-002  7.9707511301e+002  3.6222861510e-002  7.8987347207e+000  5.03991658e-002   
1.2558230675e-002  8.3871157070e+002  4.3296584923e-002  8.2820534945e+000  5.03991658e-002   
1.2850242134e-002  8.4752000000e+002  4.4881940652e-002  8.3631276347e+000  5.03991658e-002   
1.4090566571e-002  8.8341486793e+002  5.1817402783e-002  8.6934237751e+000  5.03991658e-002   
1.5809875724e-002  9.3099258993e+002  6.2040272587e-002  9.1310145935e+000  5.03991658e-002   
1.6555677244e-002  9.5094000000e+002  6.6693589802e-002  9.3144796400e+000  5.03991658e-002   
1.7738972323e-002  9.8042920159e+002  7.4216153047e-002  9.5978070997e+000  5.03991658e-002   
1.9903454307e-002  1.0321627800e+003  8.8729005218e-002  1.0095284411e+001  5.03991658e-002   
2.1432063423e-002  1.0670000000e+003  9.9675556659e-002  1.0431938260e+001  5.03991658e-002   
2.2332043037e-002  1.0863637496e+003  1.0626859151e-001  1.0625291034e+001  5.03991658e-002   
2.5056964409e-002  1.1424101476e+003  1.2782586821e-001  1.1191553134e+001  5.03991658e-002   
2.7851549430e-002  1.1972000000e+003  1.5169491312e-001  1.1748217465e+001  5.03991658e-002   
2.8114376476e-002  1.2022546164e+003  1.5402427877e-001  1.1799676473e+001  5.03991658e-002   
3.1544849237e-002  1.2662193175e+003  1.8567116624e-001  1.2452428034e+001  5.03991658e-002   
3.5393902982e-002  1.3337713492e+003  2.2487765816e-001  1.3152701762e+001  5.03991658e-002   
3.5928561210e-002  1.3432000000e+003  2.3073376158e-001  1.3251443932e+001  5.03991658e-002   
3.9712612316e-002  1.4065461280e+003  2.7359594487e-001  1.3917053836e+001  5.03991658e-002   
4.4558283887e-002  1.4842943289e+003  3.3346069052e-001  1.4742288203e+001  5.03991658e-002   
4.6027738430e-002  1.5071000000e+003  3.5313012354e-001  1.4989134237e+001  5.03991658e-002   
4.9995216813e-002  1.5674184738e+003  4.0862111687e-001  1.5643751749e+001  5.03991658e-002   
5.6095555891e-002  1.6567864803e+003  5.0229546617e-001  1.6629218751e+001  5.03991658e-002   
5.8529550017e-002  1.6910000000e+003  5.4316999368e-001  1.7016941984e+001  5.03991658e-002   
6.2940248914e-002  1.7522352129e+003  6.2102059736e-001  1.7712868884e+001  5.03991658e-002   
7.0620120800e-002  1.8552931920e+003  7.7062940653e-001  1.8910293503e+001  5.03991658e-002   
7.3872394307e-002  1.8974000000e+003  8.3993392470e-001  1.9413030418e+001  5.03991658e-002   
7.9237078783e-002  1.9637824858e+003  9.5932970054e-001  2.0236623930e+001  5.03991658e-002   
8.8905464659e-002  2.0784666604e+003  1.2001042527e+000  2.1711674597e+001  5.03991658e-002   
9.3372817853e-002  2.1289000000e+003  1.3237685832e+000  2.2390940387e+001  5.03991658e-002   
9.9753572036e-002  2.1988165371e+003  1.5096067399e+000  2.3358832458e+001  5.03991658e-002   
1.1192534871e-001  2.3202960392e+003  1.9076255636e+000  2.5210945298e+001  5.03991658e-002   
1.2290734998e-001  2.3886000000e+003  2.3209733557e+000  2.6898731969e+001  5.03991658e-002   
1.2558230675e-001  2.4061356632e+003  2.4288389408e+000  2.7314984872e+001  5.03991658e-002   
1.4090566571e-001  2.5073550014e+003  3.1052057842e+000  2.9729943048e+001  5.03991658e-002   
1.5809875724e-001  2.6330823580e+003  3.9906999800e+000  3.2514002140e+001  5.03991658e-002   
1.6395588491e-001  2.6801000000e+003  4.3230338316e+000  3.3482229959e+001  5.03991658e-002   
1.7738972323e-001  2.7952594122e+003  5.1445878695e+000  3.5734046618e+001  5.03991658e-002   
1.9903454307e-001  3.0016569655e+003  6.6450391562e+000  3.9421011232e+001  5.03991658e-002   
1.9958098032e-001  3.0071000000e+003  6.6860314215e+000  3.9517042705e+001  5.03991658e-002   
2.2332043037e-001  3.1932286055e+003  8.4864362476e+000  4.3634325473e+001  5.03991658e-002   
2.5056964409e-001  3.3052162786e+003  1.0822982550e+001  4.8355303092e+001  5.03991658e-002   
2.7036369195e-001  3.3740000000e+003  1.2697582920e+001  5.1822000360e+001  5.03991658e-002   
2.8114376476e-001  3.4114378182e+003  1.3774419086e+001  5.3724454219e+001  5.03991658e-002   
3.1544849237e-001  3.5275456596e+003  1.7447989704e+001  5.9803411714e+001  5.03991658e-002   
3.5393902982e-001  3.6203146550e+003  2.1923781300e+001  6.6612919429e+001  5.03991658e-002   
3.9712612316e-001  3.6754653692e+003  2.7358132271e+001  7.4181700220e+001  5.03991658e-002   
4.4558283887e-001  3.7278004862e+003  3.4034507112e+001  8.2566802473e+001  5.03991658e-002   
4.9995216813e-001  3.7605904052e+003  4.2058132709e+001  9.1799264991e+001  5.03991658e-002   
5.3494945461e-001  3.7857000000e+003  4.7746155919e+001  9.7703056179e+001  5.03991658e-002   
5.6095555891e-001  3.8084481480e+003  5.2236549728e+001  1.0206123019e+002  5.03991658e-002   
6.2940248914e-001  3.9369052295e+003  6.6766093191e+001  1.1365366054e+002  5.03991658e-002   
7.0620120800e-001  4.1879489590e+003  8.7511026088e+001  1.2708110778e+002  5.03991658e-002   
7.2103860358e-001  4.2477000000e+003  9.2174504083e+001  1.2973917425e+002  5.03991658e-002   
7.9237078783e-001  4.6102226382e+003  1.1761331841e+002  1.4325274886e+002  5.03991658e-002   
8.2685676344e-001  4.7660000000e+003  1.3123666458e+002  1.4990236979e+002  5.03991658e-002   
8.8905464659e-001  5.1619520124e+003  1.5950631193e+002  1.6386494136e+002  5.03991658e-002   
9.2404581031e-001  5.3475000000e+003  1.7617754025e+002  1.7163887185e+002  5.03991658e-002   
9.9753572036e-001  5.8715950085e+003  2.1609491437e+002  1.9007651965e+002  5.03991658e-002   
1.0189213875e+000  6.0000000000e+003  2.2821156324e+002  1.9530433300e+002  5.03991658e-002   
1.1192534871e+000  6.6051216740e+003  2.8961518058e+002  2.1987509668e+002  5.03991658e-002   
1.1457813107e+000  6.7321000000e+003  3.0646546385e+002  2.2628758373e+002  5.03991658e-002   
1.2558230675e+000  7.2957366766e+003  3.8206469560e+002  2.5300650079e+002  5.03991658e-002   
1.3115333279e+000  7.5536000000e+003  4.2294290448e+002  2.6649879932e+002  5.03991658e-002   
1.4090566571e+000  8.0874436513e+003  5.0142858362e+002  2.9161091965e+002  5.03991658e-002   
1.4937265016e+000  8.4752000000e+003  5.7325659100e+002  3.1325270739e+002  5.03991658e-002   
1.5809875724e+000  8.9440206839e+003  6.5404409616e+002  3.3694929798e+002  5.03991658e-002   
1.7074882404e+000  9.5094000000e+003  7.7754998781e+002  3.7100269615e+002  5.03991658e-002   
1.7738972323e+000  9.8245624555e+003  8.4764245706e+002  3.8937528989e+002  5.03991658e-002   
1.9708895028e+000  1.0670000000e+004  1.0685826567e+003  4.4384667214e+002  5.03991658e-002   
1.9903454307e+000  1.0756135242e+004  1.0918787568e+003  4.4933298505e+002  5.03991658e-002   
2.2332043037e+000  1.1727898280e+004  1.3985984008e+003  5.1786405143e+002  5.03991658e-002   
2.2976339762e+000  1.1972000000e+004  1.4852391061e+003  5.3607477502e+002  5.03991658e-002   
2.5056964409e+000  1.2888706277e+004  1.7878241273e+003  5.9759761919e+002  5.03991658e-002   
2.6408882934e+000  1.3432000000e+004  1.9957397363e+003  6.3749059473e+002  5.03991658e-002   
2.8114376476e+000  1.4131134377e+004  2.2739168935e+003  6.8790192613e+002  5.03991658e-002   
3.0359777927e+000  1.5071000000e+004  2.6662420253e+003  7.5416550758e+002  5.03991658e-002   
3.1544849237e+000  1.5526464736e+004  2.8859531772e+003  7.8925780960e+002  5.03991658e-002   
3.5393902982e+000  1.6894624370e+004  3.6468250009e+003  9.0228424538e+002  5.03991658e-002   
3.5432215196e+000  1.6910000000e+004  3.6548527193e+003  9.0345268747e+002  5.03991658e-002   
3.9712612316e+000  1.8268780066e+004  4.5877523689e+003  1.0278312653e+003  5.03991658e-002   
4.1999168894e+000  1.8974000000e+004  5.1247935316e+003  1.0935903730e+003  5.03991658e-002   
4.4558283887e+000  1.9783621634e+004  5.7646529611e+003  1.1685632768e+003  5.03991658e-002   
4.9995216813e+000  2.1229482133e+004  7.2186761832e+003  1.3258294508e+003  5.03991658e-002   
5.0208391138e+000  2.1289000000e+004  7.2786270463e+003  1.3320061953e+003  5.03991658e-002   
5.6095555891e+000  2.2857228120e+004  9.0283247151e+003  1.5028675603e+003  5.03991658e-002   
5.9835811302e+000  2.3886000000e+004  1.0214388205e+004  1.6096485977e+003  5.03991658e-002   
6.2940248914e+000  2.4706576442e+004  1.1245481848e+004  1.6971356037e+003  5.03991658e-002   
7.0620120800e+000  2.6622107164e+004  1.3971776787e+004  1.9094144778e+003  5.03991658e-002   
7.1355748461e+000  2.6801000000e+004  1.4246203436e+004  1.9295058428e+003  5.03991658e-002   
7.9237078783e+000  2.8634008212e+004  1.7326629946e+004  2.1417771508e+003  5.03991658e-002   
8.5714748139e+000  3.0071000000e+004  2.0047045196e+004  2.3123150750e+003  5.03991658e-002   
8.8905464659e+000  3.1034321076e+004  2.1502638753e+004  2.4041383922e+003  5.03991658e-002   
9.8024182726e+000  3.3740000000e+004  2.5890772721e+004  2.6613928583e+003  5.03991658e-002   
9.9753572036e+000  3.4256751607e+004  2.6760965529e+004  2.7093390337e+003  5.03991658e-002   
1.1192534871e+001  3.7012616999e+004  3.3150206324e+004  3.0388552646e+003  5.03991658e-002   
1.1602613925e+001  3.7857000000e+004  3.5426047795e+004  3.1476930471e+003  5.03991658e-002   
1.2558230675e+001  3.9757451057e+004  4.0970896436e+004  3.3976193934e+003  5.03991658e-002   
1.3994090676e+001  4.2477000000e+004  4.9916995094e+004  3.7638392061e+003  5.03991658e-002   
1.4090566571e+001  4.2654703361e+004  5.0544147349e+004  3.7880777913e+003  5.03991658e-002   
1.5809875724e+001  4.5731853513e+004  6.2246578035e+004  4.2123549191e+003  5.03991658e-002   
1.6993550938e+001  4.7660000000e+004  7.0866950584e+004  4.4970611638e+003  5.03991658e-002   
1.7738972323e+001  4.8932789990e+004  7.6593916325e+004  4.6789649882e+003  5.03991658e-002   
1.9903454307e+001  5.2264639456e+004  9.4230432776e+004  5.1956138514e+003  5.03991658e-002   
2.0740017533e+001  5.3475000000e+004  1.0144325432e+005  5.3910537416e+003  5.03991658e-002   
2.2332043037e+001  5.5865786384e+004  1.1587629557e+005  5.7646912305e+003  5.03991658e-002   
2.5056964409e+001  5.9583145040e+004  1.4237651378e+005  6.3870882872e+003  5.03991658e-002   
2.5372709402e+001  6.0000000000e+004  1.4559155141e+005  6.4580417734e+003  5.03991658e-002   
2.8114376476e+001  6.3570736208e+004  1.7477831989e+005  7.0669801140e+003  5.03991658e-002   
3.1180895573e+001  6.7321000000e+004  2.0992729282e+005  7.7278613893e+003  5.03991658e-002   
3.1544849237e+001  6.7759390848e+004  2.1427596857e+005  7.8052363106e+003  5.03991658e-002   
3.5393902982e+001  7.2107915727e+004  2.6247373983e+005  8.6082064096e+003  5.03991658e-002   
3.8779765177e+001  7.5536000000e+004  3.0812340358e+005  9.2940901549e+003  5.03991658e-002   
3.9712612316e+001  7.6766869150e+004  3.2144900079e+005  9.4890011439e+003  5.03991658e-002   
4.4558283887e+001  8.2935478602e+004  3.9427032347e+005  1.0479588728e+004  5.03991658e-002   
4.6032503620e+001  8.4752000000e+004  4.1759881948e+005  1.0774173868e+004  5.03991658e-002   
4.9995216813e+001  8.9543214911e+004  4.8294766969e+005  1.1551830182e+004  5.03991658e-002   
5.6095555891e+001  9.6661888055e+004  5.9084680690e+005  1.2710916133e+004  5.03991658e-002   
