-1.100280197141990213e+00 -1.007410455713072084e+00 -1.844242484184005493e-01 -2.969027236808241543e-02 -2.398404073993740226e+00 1.485119851881990138e+00 -5.392230775604462956e-01 4.165416895330193991e-01 4.373901631320931682e-01
-1.013151241697335614e+00 5.755901120768620594e-01 1.439678639236955604e+00 3.579692080862912351e-01 -2.640766798372966573e+00 -9.839182700428130701e-01 -4.628207012190316272e-01 2.394792549044384433e-01 5.599458902706769825e-01
-7.918663242865692231e-01 -6.349332604022602800e-01 2.625222172419985345e+00 1.769836129238900047e-01 -2.481842502825245766e+00 1.373729149624041579e+00 -5.547325360824982843e-01 4.409947778699218057e-01 4.307857710306832733e-01
-2.708691689389468582e-01 -1.417020354696477913e+00 -2.227393970749549368e-01 2.510337346121702673e-01 -2.567995725194691659e+00 -2.719421394966281547e-03 -6.016293535619622324e-01 2.746238755623243155e-01 7.902661324508207796e-01
1.145886151803039432e-01 -1.586474895145290942e+00 8.921281315370026554e-01 4.008359583018916150e-01 -2.602278170197270146e+00 6.086731917289407434e-01 -5.714576688271406635e-01 2.931402295595262886e-01 6.958107894852106901e-01
-1.881747252899294454e+00 1.350220408349418477e-01 2.110713382257912718e-01 -1.190699384515606640e-01 -2.295141182209963215e+00 -6.145258341837755989e-01 -6.645650887193039758e-01 4.391204320306881792e-01 6.481365399544685157e-01
-1.433063913842565373e+00 -3.981663075684764852e-01 1.184347847668502318e+00 -4.805454334297196151e-02 -2.388107956395903564e+00 4.184297872082652359e-01 -8.621593089713560643e-01 6.845192329551054167e-01 6.503327965082704720e-01
-1.439407899302372673e+00 -4.571097597434685689e-01 2.039568748496655370e+00 -6.526345516082586451e-02 -2.337295245282151157e+00 8.476726358071493550e-01 -4.996648561593846072e-01 2.224304931347596548e-01 6.630357439295343491e-01
-4.970941809102045750e-01 -1.337754616317465173e+00 -5.590730974747861737e-01 1.339757606998495387e-01 -2.464444185493311235e+00 2.189356742443346882e-01 -6.463352533922338550e-01 3.820529390155529836e-01 7.033941418380721400e-01
-1.041652733232566908e+00 -1.228135815734006764e+00 -4.397462424308079543e-02 -5.746067027507094360e-02 -2.386436594177482107e+00 -8.405554105775114859e-01 -6.840070642564338721e-01 4.421796263782932224e-01 6.821412772001690383e-01
-1.416642714039920259e+00 -1.094904255171114782e+00 5.058063456511166511e-02 -1.282176479480820197e-01 -2.303887726623856214e+00 -4.336071671174809850e-01 -6.214993593323561161e-01 2.971794447026756547e-01 7.934404361171284448e-01
-1.423460173296495324e+00 -1.088758140327900303e+00 6.589260722789533342e-02 -1.283994190102251132e-01 -2.303601457160564969e+00 -4.228350144104772168e-01 -6.217984619281851089e-01 2.973167926036035524e-01 7.938379955004788435e-01
-5.141751079165066685e-01 -8.143860739205219801e-01 1.917947495445307057e-02 3.346346809711674974e-01 -2.608176223107608660e+00 -5.552888231481802883e-01 -8.072855436686807717e-01 4.595059520793981500e-01 9.036785852650299766e-01
3.162142592594174850e-02 -1.033435260571642145e+00 4.027989258514296900e+00 7.445251741895598796e-01 -2.758611676404199908e+00 6.300112267960702894e+00 -1.160961224820369120e+00 1.013816412637042141e+00 7.090991645673078159e-01
-9.421675035913161800e-01 -2.435476616448657872e+00 -4.983782042193896089e-02 -1.597412445968404426e-01 -2.339892064736599941e+00 6.053823189657512316e-01 -6.616528565953264662e-01 4.074012685843639847e-01 6.932655071905606814e-01
-1.067613754364174383e+00 -2.668534642042533767e-01 -3.280112832467421136e-01 1.055170557146744847e-01 -2.443689161570957058e+00 -1.052522774844260045e-01 -4.394601474434334243e-01 2.483317627695368346e-01 4.981934589948280867e-01
-6.704427373241483856e-01 -1.124609926870308696e+00 -4.231006133302201988e-01 9.453725646096225455e-02 -2.394745902213428757e+00 4.904106394999172558e-01 -7.396175069813427649e-01 5.513769425599882590e-01 6.198138543811568812e-01
-5.404714205223752899e-01 -1.234105288877596296e+00 6.987447496888341547e-01 1.435897113528629976e-01 -2.480582782961576527e+00 -9.387999298037497109e-02 -3.915565894610139042e-01 1.143430035964458358e-01 6.142457075452462112e-01
-1.250649695622751745e+00 1.809212484696975931e-01 1.550731196594993810e-01 1.089508238998896650e-01 -2.494865067914914469e+00 -2.789541636328305985e-01 -9.101600308674164808e-01 6.937719088322029659e-01 7.254961786541491708e-01
-1.161906889828242528e+00 3.242674978933988150e-01 -2.408473137164240274e+00 2.328889699256520562e-01 -2.575317333054409019e+00 1.653835352383229873e+00 -9.033855555223569977e-01 8.258681475946453299e-01 5.241446689204133369e-01
-7.121131367106543486e-01 -1.536968068552279632e-01 -2.661109720349001950e-01 4.017077728250327828e-01 -2.655515220929340447e+00 -2.885104837235940245e+00 -4.756077321046013329e-01 3.548579777572459792e-01 4.067200971336922821e-01
-5.250225662689386175e-01 -4.979461689726811802e-01 -7.220945686345534575e-01 4.658142936590744521e-01 -2.660834193015635396e+00 -6.739872703317397740e-01 -7.485620326959026016e-01 4.797628728009193932e-01 7.505091193945152561e-01
-1.580953378716118740e+00 -1.010582127651593165e+00 7.377120542798356606e-01 -1.527507944889413549e-01 -2.233935540804935282e+00 -3.409035409931288618e-01 -5.615427909946428819e-01 3.460328993088950811e-01 5.897795516595742971e-01
-1.623480232823825808e+00 1.549513020477574221e-01 -8.847286582920513842e-01 -4.552033731820893242e-02 -2.368852843797112584e+00 -3.163751088090793750e-02 -6.329496817239633755e-01 5.026211840915144613e-01 4.892433472170412689e-01
-7.281428935270684022e-01 -7.709798610430296240e-01 -7.481193826981912265e-01 1.979546267356991351e-01 -2.532636461388012794e+00 1.178331899887500533e+00 -7.219415005066118773e-01 5.829124419305897753e-01 5.392143435887453151e-01
-1.043070477555834596e+00 -5.022147579226325931e-01 -1.645455497116543597e-01 8.153705688695245257e-02 -2.471728387865533616e+00 -1.961673682086300385e-01 -4.805518865888517288e-01 2.804115456268222450e-01 5.308298169470309080e-01
-6.974191278727175369e-01 -6.054082084594659685e-01 -9.375813941257268302e-01 2.531479345073028853e-01 -2.520504101374948291e+00 7.407075038815269519e-01 -5.124887108501172683e-01 1.607015811649976644e-01 7.947844934370088543e-01
-6.494959154084457564e-01 -6.780289019422268693e-01 7.952340815099012694e-01 2.388700600831778487e-01 -2.480538075061035297e+00 -4.100499616930680657e-01 -5.820829414871070417e-01 3.917548809171793045e-01 5.592059741454307176e-01
-9.005975841287909844e-01 -3.453999009506358853e-01 -1.281831970472828708e-01 1.959806287135306135e-01 -2.522802474514128868e+00 -5.987419844073884612e-01 -6.202853114069017959e-01 4.888709195984117795e-01 4.856870168980240710e-01
-1.295402638788181626e+00 -1.390176051692820103e+00 6.539389539898312620e-01 -1.297425386425957450e-01 -2.298878766924230543e+00 4.243256372886031746e-01 -5.519151652056140112e-01 2.970759558943643075e-01 6.489257952399051232e-01
-5.383852388737735417e-01 -1.737617707531038613e+00 -5.023157483767997089e-01 3.756621494180406584e-03 -2.383117647742243772e+00 -4.716603322848832436e-01 -7.576138378916199567e-01 4.988651439567147738e-01 7.371970478149096895e-01
-6.682824887033602668e-01 -5.140156193101695914e-01 -1.195034174360126489e+00 3.058078925796751668e-01 -2.541493185309649849e+00 9.123268570049176684e-01 -5.227502223353734934e-01 1.661415004434632359e-01 8.076903260180920974e-01
-8.966954781465295010e-01 -7.964523123521805026e-03 5.401287322555006210e-01 2.544587529938853732e-01 -2.470975639565903936e+00 -3.077491348471954602e-01 -8.431603137386270985e-01 6.305663670609734650e-01 6.958779634177636453e-01
-1.150229280941450938e+00 -4.155286774285460449e-01 2.092799360658045060e+00 4.163391949423045357e-02 -2.418962407148140592e+00 4.263102662717349056e-01 -5.093916254463823901e-01 2.375383950425061785e-01 6.585647396175799972e-01
-6.489867043420833870e-01 -1.211374090615915944e-01 -1.107282957636194443e+00 5.260475044712182857e-01 -2.707193956138147506e+00 2.004886339167451403e+00 -3.854218006917579098e-01 1.379759552841373083e-01 5.633233333128983000e-01
-7.876867224334033191e-01 -1.968331935552734002e+00 6.284633607393692589e-01 -9.707110602917561060e-02 -2.362386928256845042e+00 -3.845857252402888893e-01 -5.254238981181312829e-01 1.748596552881906407e-01 7.983655330577138498e-01
-1.179394447136339341e+00 -6.995492529771982770e-01 -8.560801759590264126e-02 -3.041951360372219249e-02 -2.352517303996624509e+00 -9.078893152069518191e-01 -5.548517570491501294e-01 2.712680443401084274e-01 6.973682257574727039e-01
-1.170055921422605616e+00 -1.063279031341965108e+00 -1.133101088606309759e-01 -7.077559197968126548e-02 -2.374333207465527007e+00 -8.082426582792699987e-01 -5.014149762395438970e-01 2.388126748194833171e-01 6.399884594599307697e-01
-6.311986097647239724e-01 -1.488834175467477206e-01 -1.325174184922249365e+00 5.306127185758512388e-01 -2.702984171523350021e+00 2.234862300702249005e+00 -3.807429335980188068e-01 1.325304954941120550e-01 5.623611785040603106e-01
-5.708488439919022772e-01 -8.346268434109864742e-01 4.886051319602691123e-02 2.601688533607159903e-01 -2.526206228643372853e+00 1.242188175081562207e-01 -5.884074911064191005e-01 2.468598490868528783e-01 8.096583645179672439e-01
-8.373022328755571619e-01 1.787164032152199988e+00 1.281444579422641672e+00 9.052736281035020927e-01 -2.871946859057879831e+00 -1.693659011834879102e+00 -3.691571810869817560e-01 2.654538545757644252e-01 3.322595390389821435e-01
-9.183230018330621469e-01 -1.354205081822915213e+00 9.359729694882792383e-01 -3.989682064348488988e-02 -2.361866775531575868e+00 1.291084217484021468e-01 -6.252272611627208709e-01 3.352514742850119522e-01 7.371343202980097375e-01
-3.749060162125897211e+00 2.323522959536068022e+00 -1.745968735387242399e+00 -1.742966564873204838e-01 -2.288496861775987323e+00 1.544933892996016134e+00 -6.755470224368450571e-01 5.217975007271442589e-01 5.419741110739740853e-01
8.111041275706282194e-02 -1.533816215011632789e+00 1.065251598146925271e+00 4.058311425564319341e-01 -2.598823382214208610e+00 6.764560080349319993e-01 -5.727014227628492993e-01 2.943619731386262206e-01 6.963562870272712590e-01
-1.001959730132765625e+00 -5.918560619215245122e-01 2.253643769141595588e-01 6.830843723183162297e-02 -2.427823173069746154e+00 -7.598261020465957305e-01 -7.785823805997731384e-01 4.687346002869731132e-01 8.287648945819865443e-01
-2.080653788354453471e-01 -6.845705435307746223e-01 1.775917122536128101e-01 8.510837143376832614e-01 -2.909068397200943679e+00 1.166903612721410299e+00 -7.725542476118537616e-01 6.235051433410786492e-01 5.749115559860221714e-01
-1.050615124605328354e+00 -1.643047753611349027e+00 2.199119828120624565e+00 -1.204179608736840046e-01 -2.255380009359571947e+00 -1.831578095172003984e-01 -6.018250238867287605e-01 1.793184518495687385e-01 9.597122203035006738e-01
-1.204853069147432398e+00 -8.914692350657352771e-01 5.275078182945814875e-01 -4.275106127071801737e-02 -2.415725381851018927e+00 4.646036521289550469e-01 -5.201070402826795114e-01 2.966183424091879406e-01 5.851176009654792676e-01
-9.894657665524591028e-01 -1.481216691234025662e+00 -2.875527988188475437e-01 -6.912608322577865061e-02 -2.379581282212170912e+00 9.802391645730941239e-01 -4.701230774819013525e-01 1.636661941035870982e-01 6.986294956669504286e-01
-9.377698413232585795e-01 1.462137150175527589e-01 -4.626046192641136701e-02 2.850033595389578900e-01 -2.560015149120509204e+00 -1.770084894840864065e+00 -7.605953274704653211e-01 5.224866119784749019e-01 7.057881454473943217e-01
-1.038309728985960634e+00 -8.533963925189413935e-02 1.884553281985811013e-02 1.910670847654288851e-01 -2.554209118690854208e+00 2.280302413638065351e-01 -7.203558055294410067e-01 4.499262913393021757e-01 7.425335238772844404e-01
-1.123370800491590438e-01 -1.480550025852494400e+00 7.578077043508930632e-01 3.002127237622101985e-01 -2.544444007767543425e+00 5.956232156595870908e-01 -5.808629970571789203e-01 2.991083013969424442e-01 7.053776929823027952e-01
-5.444779680125375609e-01 -1.027449343688080496e-02 5.593700023252966558e-01 7.171429350080804621e-01 -2.782376734127934625e+00 2.502944388544022125e+00 -7.436318843286849889e-01 5.672473057542747332e-01 6.040840455322841196e-01
-4.695490012981362593e-01 -1.745624334795699006e+00 1.677207192065481856e-01 2.538890527834902766e-02 -2.386816498027627187e+00 -8.801240457069614553e-02 -5.279118136980535114e-01 1.874073493447182270e-01 7.819129950137394536e-01
-1.487292308294577925e+00 -1.241244694930558667e+00 -2.677721286984900750e+00 -2.125851445173165821e-01 -2.287959122173893967e+00 -2.779306654320711889e+00 -4.983659483479863095e-01 1.966929322857983164e-01 7.033390029814651223e-01
-1.032257844531975888e+00 -1.007180137082851257e+00 -2.549019519328696859e-01 -1.432416814730141930e-02 -2.406180122289726331e+00 -2.211310145947488759e-01 -6.512167688012481248e-01 6.487311091754162096e-01 3.137390187891230808e-01
-4.091518265940497501e-01 -1.018402102232500717e+00 1.610701038106010508e+00 3.528020876542837803e-01 -2.651822168862515205e+00 1.085631003535674433e+00 -6.015771392836247733e-01 3.122741609216216907e-01 7.268403881285209200e-01
-3.097592460771463330e+00 1.043762093904820221e+00 5.353002103292339164e-01 -2.028772000511203377e-01 -2.311602387799866154e+00 -9.497473807796211753e-01 -4.111232036562111336e-01 1.664825151185116148e-01 5.703989275430182415e-01
-1.930355116543695848e+00 1.184811520154443576e+00 -1.685451189788764959e+00 -3.062656570653456145e-02 -2.425725919167522893e+00 5.627479270360323804e-01 -6.208159717196215510e-01 3.984867983011852188e-01 6.257671721324428171e-01
-1.104895612692067708e+00 -8.111648261631561052e-01 6.369248103706623976e-01 -1.215680237399147101e-02 -2.344304805218291321e+00 1.569080043383084710e+00 -9.167590054327103832e-01 7.877244914924050878e-01 5.999738761131280240e-01
-1.159444385627555141e+00 3.981384172538509070e-01 6.372296767000606987e-01 1.807762158989687507e-01 -2.497869735507759259e+00 -2.827141785407342178e-01 -4.392128122906941989e-01 3.755171396965143460e-01 3.043601559998798667e-01
-1.023423409638327453e+00 -1.132496009667146808e+00 9.983242486938754823e-01 -3.268927234647192592e-02 -2.375282920101168926e+00 6.726024533622138035e-01 -5.819435257219570667e-01 3.424770866716007611e-01 6.368544473761760250e-01
-1.013113260250268377e+00 -1.484360289172687697e+00 -5.251786088682939280e-01 -7.252631970098449843e-02 -2.391759525872142689e+00 1.310381464784283079e+00 -4.735117156205087552e-01 1.666203062156746961e-01 7.009245879435762605e-01
-9.941330047832018790e-01 -5.000455026691349447e-01 4.139374932929508200e-01 1.340050537976144596e-01 -2.562858495677996284e+00 6.863051972208161766e-01 -6.172781993764678843e-01 3.599156517264143762e-01 6.807845649062396198e-01
-9.618420578890396477e-01 -1.299652891142160094e+00 2.283852696668370097e+00 -1.532782022357893625e-01 -2.236629892254135665e+00 -3.137398848488914371e+00 -1.989533417175627372e+00 2.099480823567399401e+00 7.104963111946984711e-01
-9.619563884276981502e-01 -1.299941091249959157e+00 2.287259258264640938e+00 -1.531256139551333828e-01 -2.236187212999233509e+00 -3.139618604215149045e+00 -1.991232488907878295e+00 2.101377264842895443e+00 7.108699640600883995e-01
-1.100446860008382766e+00 -1.095556767008045496e+00 7.852898788799649310e-01 -5.740688571743639973e-02 -2.347419055664956566e+00 -2.956749530609255050e-01 -5.259481379988295568e-01 2.323984390775591380e-01 7.015511074857748719e-01
-9.620540395491475882e-01 -1.299593514910408532e+00 2.283805105297523230e+00 -1.527371089082426581e-01 -2.236663383294829277e+00 -3.137110183538652564e+00 -1.989476350780797764e+00 2.099417484003836432e+00 7.104854464445006235e-01
-1.221058451045269333e+00 -5.743379824057334160e-01 -1.399307690387421588e-01 -1.597309008221248217e-02 -2.388253942762703197e+00 -5.687022246599171549e-01 -5.079598191424288256e-01 2.432416048131439135e-01 6.462531913494412583e-01
-1.717541888104162917e-01 -1.098115469322241466e+00 -5.188830582550590931e-01 5.189363677986045253e-01 -2.726040820879430449e+00 3.126725838306949612e-01 -4.596296549644245943e-01 1.334509620380628925e-01 7.275174169093451271e-01
-1.017938637561305759e+00 -9.035389577291997876e-01 4.863832835399106713e-01 -3.671765688147385354e-02 -2.389298980480448975e+00 -2.317924743654653064e+00 -7.136086481310146556e-01 5.791396602682894468e-01 5.291370470729696018e-01
-1.538192350329349090e+00 -1.808052364003190693e+00 6.867672434831921802e-01 -1.948439582253068958e-01 -2.317035167794784023e+00 -7.796549126356432380e-01 -4.353907880421104548e-01 2.117066665946068793e-01 5.478634191220672633e-01
-2.722143942055224919e+00 -1.409494341701745146e+00 -1.091164761722415610e+00 -2.328389061845838603e-01 -2.232137266083341398e+00 -9.344242662810267053e-01 -6.904678599235667402e-01 4.982965213164823326e-01 6.064926039865390361e-01
-1.228406993745903009e+00 -1.259911503366278218e+00 6.923020510364399915e-02 -9.903962428314555533e-02 -2.372133024605343365e+00 6.741764986553713812e-02 -5.378477535537545817e-01 3.624210792567661987e-01 5.172700525834583729e-01
-1.005421099045995748e+00 1.201291826277825159e+00 2.771705878886560059e-01 4.746143117531196332e-01 -2.644113379018294019e+00 1.021829703348763330e+00 -5.105958837691277896e-01 1.502823308047510076e-01 8.090016616711372954e-01
-1.267508137757730635e+00 -2.271829999290103930e-01 -2.801324920466162216e-01 2.704059319007122084e-02 -2.432903094909169894e+00 -3.368834601160139997e-01 -4.068843497539296195e-01 1.666738414877566021e-01 5.613546368513119278e-01
-1.397032554585018183e+00 -6.169302374559224589e-01 -3.097555730564264254e-01 -1.112668527546774727e-01 -2.290689930859362011e+00 -1.967480033023979225e+00 -6.148056991432613305e-01 3.506019603726056033e-01 6.904353335583114371e-01
-1.272953594864314919e+00 -1.958911833946479775e-01 -3.702960515431826249e-01 3.262253541070501972e-02 -2.445915409134030050e+00 -3.057495957700850364e-01 -3.944541604803835089e-01 1.474143161117697221e-01 5.666492966101839279e-01
-1.969699752597131592e+00 -8.321433497880893482e-01 1.827583892474490546e-01 -1.803053980750165541e-01 -2.264074800159177947e+00 -3.361295017087033710e-01 -5.567969046413968615e-01 2.171713909148857979e-01 7.927735376737312656e-01
-1.296867365205929712e+00 -3.183410375667590220e-01 -4.723155598352665185e-01 6.202601862638504326e-03 -2.431074756916224100e+00 -1.639039641829235228e-01 -3.933306648910300796e-01 1.399229541292944523e-01 5.763931501330811225e-01
-1.924933287222212019e+00 -2.433109062749045926e-01 1.283753613379508440e+00 -1.372078696315931490e-01 -2.345628426848714199e+00 7.404112524494332881e-02 -5.996408870985180384e-01 3.360708027100570705e-01 6.833155950703387882e-01
-1.098700508266946541e+00 1.958913735323444816e-01 9.448223651518847799e-01 1.718906314278494107e-01 -2.478729241665664329e+00 -8.906069650318245712e-01 -4.254288205852996829e-01 1.970146207365240931e-01 5.508994794166748310e-01
-1.339131751639857537e+00 -6.926434394609094769e-02 9.544159219966439345e-01 1.897340404688969279e-02 -2.442524240237853306e+00 -7.372844343707399828e-01 -5.535901011975832287e-01 3.587792604088998472e-01 5.542899426024794352e-01
-1.240941056094773121e+00 -7.598092431038011574e-01 6.675012822002949209e-01 -4.445443046178132462e-02 -2.395360289338487991e+00 -2.409445436941963781e-01 -4.372588116432621907e-01 3.142248628457033899e-01 3.922969841847784855e-01
-7.753218186317748506e-01 -8.178917118321307189e-01 3.864665290629726302e-01 1.367532695521449793e-01 -2.471298339353469764e+00 -1.708301067819891633e-02 -4.721977667799984180e-01 2.486668957552122250e-01 5.640894375915638248e-01
-7.754742308832168751e-01 -8.030791940175376897e-01 5.575264211388981650e-01 1.565039432186939861e-01 -2.529819974946855954e+00 2.089386080492979803e-01 -2.902532270579988305e-01 1.105103375268413762e-01 4.113358772368373439e-01
-8.668321202200064413e-01 -1.384477921379472010e+00 8.715612734645254989e-01 -2.891664579721286987e-02 -2.370582832042068766e+00 9.555602804075502554e-02 -6.250713871002171462e-01 3.352023088526291938e-01 7.369086297631648463e-01
-6.628109626653801989e-01 -1.540714515578970323e+00 -5.223301533264503860e-01 2.041305079612085183e-02 -2.441208214744408078e+00 3.301125407773167764e-01 -6.107180157544606081e-01 3.333235156662776033e-01 7.105986977368214941e-01
-1.538795875913890221e+00 -1.764129843078539039e+00 6.451473823596249879e-01 -1.925666694552480573e-01 -2.317144136501415375e+00 -7.598762530723146558e-01 -4.478697490325637132e-01 2.279620831876432441e-01 5.474659388453811948e-01
-6.252954976650031416e-01 -7.954844839308723436e-01 3.847853797278670829e-01 2.636461209852909438e-01 -2.586523098354169381e+00 9.170976852064005591e-02 -5.724520374149534296e-01 3.495900143292872686e-01 6.066445571212804033e-01
3.433688866555937302e-01 -1.718822575291868660e+00 8.256520221760755840e-01 5.057884113698185580e-01 -2.695555513358437238e+00 -6.720857799021229262e-02 -5.119186564194824207e-01 1.904206038528497014e-01 7.427732211405392304e-01
-1.906486258521718824e+00 1.784916605116608990e+00 7.391115749274210778e-01 -3.013925328932948178e-02 -2.404092080238315887e+00 9.228872594851278421e-02 -9.992807709294552199e-01 8.456328820301011184e-01 6.644008147006900122e-01
-1.674944275496826895e-01 -2.355256450828937975e+00 -3.657571018375826433e-01 -9.843029606268337284e-03 -2.430049852798145782e+00 -6.532626399339538370e-01 -8.815106275385945489e-01 8.359517555971472946e-01 4.722413614476143051e-01
-6.524866046976696143e-01 -9.613923651283279304e-01 -9.992050174906708104e-01 1.915248496766472353e-01 -2.560258843743626223e+00 -2.071117819985875963e-01 -4.583084728324480772e-01 1.759883554565745134e-01 6.534266118689640024e-01
-3.201046636103105358e-01 -1.525062550912503756e+00 1.747576330973616088e+00 1.795119024276701225e-01 -2.538577182696157841e+00 -5.436392672618906019e-02 -4.253943289549412810e-01 1.896292735695521703e-01 5.627664340338548454e-01
-6.067498481283980505e-01 -8.340963399930366728e-01 6.836150161141897330e-01 2.485920296669894003e-01 -2.545537715102205389e+00 1.714436406229219445e-01 -8.791570889685373924e-01 6.565028078122769895e-01 7.242946459152110883e-01
-7.053576866425634861e-01 -1.293827741077247850e+00 1.361860302626309860e-01 5.156479206949837746e-02 -2.437962001633325215e+00 5.363578958758941084e-03 -4.607389218072054371e-01 2.399505646606501230e-01 5.546234362442216126e-01
-8.938882992104342229e-01 -1.424385654824281700e-01 -2.767718635259699411e-01 2.489562381304573080e-01 -2.532150714895034405e+00 -8.316309824074628043e-01 -7.098838054453905366e-01 4.418512579243005778e-01 7.345017926150011478e-01
-1.140783026529490485e+00 -2.377581908568859870e-01 -1.139736760013996542e-01 1.008480883286955454e-01 -2.524871113845220449e+00 -2.007559161075011533e-01 -4.555492772023498338e-01 1.176984485372556954e-01 7.454126264827716231e-01
-3.828578173278563312e+00 7.453962535362315123e-01 1.773068913433016869e-01 -2.062200766890749937e-01 -2.228606921007599162e+00 1.159070705240122123e+00 -7.698895980094079272e-01 6.457458835825544696e-01 5.362560197420781494e-01
-1.284008134487504060e+00 -1.837953438935762962e-01 -3.439189386976638785e-01 2.984593988401506096e-02 -2.443777402030802293e+00 -2.995245312905862045e-01 -3.932747392390482100e-01 1.466198666508160275e-01 5.654816461321217069e-01
-1.285995993206310084e+00 -1.837314480446312348e-01 -3.377585658200443763e-01 2.847167539273088785e-02 -2.442870992997530077e+00 -3.003454761738260648e-01 -3.932475327667369625e-01 1.466867983140160425e-01 5.653152024646863616e-01
-1.161956616541387932e+00 -8.754357734619322429e-01 3.074169797126577452e-01 -2.911874757070331138e-02 -2.414982465421474878e+00 3.089268360356345333e-01 -5.334527862551133870e-01 3.100595365243381529e-01 5.907090267101781089e-01
-9.558760961124158628e-01 -1.005558866116208705e+00 9.244205936418670166e-01 1.990627031971735350e-02 -2.444243660427845466e+00 1.301303701219078401e-01 -5.309179289688933379e-01 3.182919455683073107e-01 5.725481754606744911e-01
-9.555043086663378427e-01 -9.992042597642546431e-01 9.153846816078671234e-01 2.084318821653180498e-02 -2.444705633832778613e+00 1.287441740189878836e-01 -5.310267303445651565e-01 3.183499517322384009e-01 5.726743039544115454e-01
-3.740165205622730582e+00 2.304970762019944885e+00 -1.737896830228066403e+00 -1.743751995443491021e-01 -2.288356134459372804e+00 1.537107961413300083e+00 -6.747224090743151326e-01 5.213828394349325768e-01 5.410190214386962904e-01
-1.211685232926911882e+00 -1.070217998893500777e+00 -3.523274112286182702e-01 -7.752783886032788008e-02 -2.378819149292483726e+00 -5.406721324703099851e-01 -4.936951976961820865e-01 2.320329143028490027e-01 6.350826518748038385e-01
-5.626404162937876929e-01 -8.174895014658128956e-01 -6.745071430396124557e-01 2.678670414983874148e-01 -2.514894956809957005e+00 9.024416841103442000e-01 -6.056340861765173722e-01 2.504937344423392998e-01 8.403515157893124421e-01
-5.399544058805531010e-01 -8.787070600301735146e-01 1.498414189514139794e-01 2.832908704900734542e-01 -2.578381907082639035e+00 -6.772140440387097726e-01 -8.228637825663747130e-01 4.722243596217635675e-01 9.138506172710044728e-01
-1.915017284952086563e+00 1.576205486283915436e+00 -9.953366320997821814e-01 -5.039814518662050213e-02 -2.419122658745176402e+00 -1.699585721970136909e+00 -5.482236130786622974e-01 3.068201659016083771e-01 6.260055314094546963e-01
-1.095386952127534785e+00 -9.116057600978511033e-01 5.843859890752036712e-01 -9.683027181555482754e-03 -2.440446712647206695e+00 3.903729404229026589e-01 -5.294090711266784544e-01 3.134924905208208989e-01 5.771395485682381254e-01
-2.087319083934083608e+00 7.827610928645434285e-01 5.512282641685533058e-01 -1.104192944417747568e-01 -2.340370946926747742e+00 1.036106823519642894e+00 -3.829202518564915891e-01 2.250291361642173527e-01 4.206834950720628186e-01
-2.346543601876817320e+00 2.529890280919625534e-01 5.952516198951525173e-01 -1.679991866455318172e-01 -2.343297658178663756e+00 -7.183665751511776332e-01 -6.247947549660770594e-01 3.962182978207526851e-01 6.373110529777230582e-01
-1.002064496581175135e+00 -4.638482213931911513e-01 8.373646892518316065e-02 1.042353451203276576e-01 -2.458260415752439698e+00 1.993499066077278892e-01 -4.758938887336922052e-01 2.625709207608433737e-01 5.495037948363052926e-01
-9.363949922357700517e-01 -5.388136868523587530e-01 -1.163853436487505277e-02 1.227305106102652560e-01 -2.472005493580293312e+00 2.495720222869560190e-02 -4.926037480358466669e-01 2.734408543542762304e-01 5.661722953114670664e-01
-1.071988974915842663e+00 -6.809795734049625127e-01 4.023170468605843930e-01 3.194787607022450682e-02 -2.451428180591792572e+00 -5.828617508577479400e-01 -5.990493976130486509e-01 3.408622517813872932e-01 6.744229279222606621e-01
-2.099797422529054547e+00 3.386178411581263425e+00 -3.028892087954715873e+00 5.243305155603041057e-02 -2.543518184843534868e+00 8.429106809280508816e-01 -4.081732174829565962e-01 2.122726525319545143e-01 4.917475156215952992e-01
-8.022731121062283144e-01 -5.070623814223267356e-01 -6.300190058140793248e-01 1.902992133698783173e-01 -2.445605532976375063e+00 4.703620277392690785e-02 -7.609103758160705722e-01 6.043280959375544326e-01 5.804910749966712968e-01
-3.735896491954955323e-01 -1.501914475935099524e+00 1.673907854112156146e+00 1.580354142069593237e-01 -2.530612228341474701e+00 -4.378490320487353760e-01 -4.186591774909219632e-01 1.825974758808518172e-01 5.601922176650443452e-01
-1.379723302251315564e+00 -1.134660771709202542e+00 7.801689418801629472e-01 -1.285839264726454934e-01 -2.300673138175606258e+00 -4.622670227710705682e-01 -4.878539381953386211e-01 2.906535038446095842e-01 5.291988981284548865e-01
-2.347258610956577840e+00 2.531456674254015105e-01 5.926678173698851637e-01 -1.680182262370225610e-01 -2.343222073664381622e+00 -7.197821612271002589e-01 -6.247657671364950094e-01 3.962017172078027838e-01 6.372794675637174500e-01
-1.023778255448873686e+00 -3.545366696023592445e-01 2.318438497121793895e-01 1.222089034089642173e-01 -2.484618774891723003e+00 3.168638835152515210e-02 -5.673121986784932513e-01 3.224797810647738183e-01 6.395100608982482449e-01
-1.423965096078342762e+00 3.754818610800290113e-01 -7.339945262894062017e-01 5.370697266334711895e-02 -2.439824182285832421e+00 5.262431361551453968e-01 -8.128411393701953092e-01 5.872026077442752401e-01 7.052222550624245301e-01
-6.956586116097300820e-01 -6.133020805319596702e-01 -9.433916149361918357e-01 2.516460407225357687e-01 -2.519863603030702670e+00 7.313044150707127544e-01 -5.142721667784699857e-01 1.622430017667306212e-01 7.959919728936850625e-01
-7.957804254896165830e-01 -1.857634751061110423e+00 1.487203455735027102e+00 -1.167464905809598441e-01 -2.235650816476774327e+00 -1.310021398105028823e+00 -4.469947640834916469e-01 1.387171033453508118e-01 6.908459777375834943e-01
-7.617815961248001200e-01 -9.794926538846049358e-01 4.123880158850677935e-01 9.209833809445849839e-02 -2.446644406872532596e+00 -9.381244394421373034e-01 -4.646895393648233230e-01 1.728241457372562406e-01 6.718799176527185946e-01
-8.967505169236142937e-01 -1.444788941881825828e+00 1.144329522733382953e+00 -6.018580844987991840e-02 -2.338042725878509476e+00 -7.468261779197487016e-01 -4.678853486634673153e-01 1.580456029735465562e-01 7.031718543647804687e-01
-9.585522867694206139e-01 -8.027507605702997040e-01 1.277883882278178507e-01 5.852322192205071383e-02 -2.464870627135050452e+00 -4.572883695807996030e-01 -6.503496579851159032e-01 4.199779237799667886e-01 6.505838252713638248e-01
-4.069401665716259608e-01 8.727380164648601557e-01 7.052583180523843698e-01 2.034736488033090041e+00 -3.135814444269418022e+00 3.303133800475003268e-01 -4.427827753630465546e-01 2.007743286006854477e-01 5.822164719684652656e-01
-1.543917561364349655e+00 3.335401077388546742e-01 7.553175263543902007e-01 -8.451531342557383475e-03 -2.393452965329059268e+00 6.144057560000160123e-01 -4.280641340483094526e-01 1.363420289590223100e-01 6.549508110957752427e-01
-3.151401920804685064e-01 -1.305252806343128569e+00 9.167086423448137511e-01 2.467364568036354566e-01 -2.545251243590292312e+00 -1.224247852593400632e+00 -3.782125193898527304e-01 1.312076534712849629e-01 5.591064512418567611e-01
-9.068386568862251140e-01 -8.976864767990767602e-01 1.562613155345253801e-01 5.264754013912537056e-02 -2.443693615506449923e+00 -6.185916799193705851e-01 -4.440761656859599227e-01 1.753993830423489220e-01 6.244327310057231628e-01
-1.852083659744320210e+00 1.024865564393699469e+00 -1.359781330334284721e+00 -2.888209697516241903e-02 -2.406167523228908589e+00 7.058251882669451804e-01 -4.905859969550266930e-01 1.069400838859533853e-01 8.408378206924721487e-01
-5.677571755927038888e-01 -1.108363736968589253e+00 7.698779648130413822e-01 1.734634650020905333e-01 -2.508123080979794750e+00 -1.377384093573256196e-01 -3.705393762422850568e-01 8.212606215065437754e-02 6.228002914216761443e-01
-7.750018400754703496e-01 -8.069550104452428707e-01 1.042156604146680765e+00 1.353339349054479834e-01 -2.465200059160944424e+00 -3.571953412728105515e-01 -4.815649948752115939e-01 2.241392152082364031e-01 6.227991515622801622e-01
-1.585089564917557592e+00 1.355172882746127794e+00 1.723437019241313983e-02 4.990106093185402852e-02 -2.395257638024556268e+00 -2.027089749912026062e-01 -5.643386002069273877e-01 3.542413119959385570e-01 5.826469877546531784e-01
-5.444286297127461927e-01 -1.235891327233342718e+00 6.913750038595083414e-01 1.410897648235254209e-01 -2.479010818836511643e+00 -8.203944010775132689e-02 -3.916974115588388594e-01 1.145690905339189075e-01 6.141705971297762856e-01
-6.424258081500757722e-01 -2.850574469981675740e+00 1.617318607498044569e+00 -1.635293376874486782e-01 -2.272255186099796820e+00 4.787402608706017304e-01 -6.737330478967293867e-01 4.651098473528595401e-01 6.253151684221994744e-01
-8.744658894229664359e-01 -1.159886486936725081e-01 1.239968944724620270e+00 2.606436806580616494e-01 -2.510172191120071172e+00 1.085061707901205375e-02 -1.104849601795156122e+00 1.285320181314067556e+00 3.033228907074217440e-01
-1.272923611580738301e+00 8.585859143200147425e-01 -3.929884079590927337e-01 1.734862926647534054e-01 -2.451471500386083857e+00 1.652047336775228636e+00 -6.114983517313525851e-01 3.882879960018658094e-01 6.231139838027638378e-01
-6.942106083522988635e-01 -6.147367961961363036e-01 -9.480876824430690686e-01 2.520832988863455637e-01 -2.520314600866364607e+00 7.396550349391588508e-01 -5.141676098298867403e-01 1.619959491850799238e-01 7.961931025609620960e-01
-6.937393004426986032e-01 -6.141881679342025002e-01 -9.478575640500537247e-01 2.530021596856357746e-01 -2.520659143538931612e+00 7.398270120972103570e-01 -5.141715830898618833e-01 1.620552277364561977e-01 7.961003433549025399e-01
-8.415780130332269904e-01 2.598823535981062416e-01 -9.036888574106618499e-01 4.354397564349957728e-01 -2.638471733267138575e+00 4.815078447287087227e-01 -4.859416695152422028e-01 2.422960372607174950e-01 6.026070353253313305e-01
-9.542232842356894729e-01 3.571360852881459991e-01 -5.731022231544091738e-01 3.269116591727128096e-01 -2.599214301816673345e+00 -2.440321689304238095e+00 -7.200552961921296014e-01 4.705737113976302122e-01 7.088000634652412701e-01
-1.053952586250927137e+00 -3.606393751154490235e-01 2.823525125501799571e-01 9.509070082599790918e-02 -2.443813757556501098e+00 4.736928728925845489e-01 -3.980195088958449201e-01 2.140148874784174593e-01 4.682087073715858749e-01
-1.053978735030180802e+00 -3.578129051667442440e-01 2.937000773447152602e-01 9.590738329332421097e-02 -2.444551487522059752e+00 4.757276701734660662e-01 -3.980748893475540284e-01 2.141182276000490881e-01 4.681607453405156050e-01
-1.663665264674453192e+00 1.067339670544362740e-01 1.374404876455200597e+00 -8.772280309522309527e-02 -2.332044222364204167e+00 -1.236662172944884119e+00 -4.223476735173073981e-01 2.631415187934096900e-01 4.407735601624462873e-01
-1.911137273057486929e+00 -2.665800556203021809e-01 1.264887028832310634e+00 -1.368038187114598847e-01 -2.346166270164284473e+00 6.361177910948390135e-02 -5.980032429206399991e-01 3.333422550837449316e-01 6.844223004672446153e-01
-3.745624003590505957e+00 2.319360416568395866e+00 -1.744406067274390182e+00 -1.741426134492363442e-01 -2.288563619832878260e+00 1.543114006773077973e+00 -6.753595833060573872e-01 5.215833851249388475e-01 5.419379079206297911e-01
-1.240127520502283032e+00 -4.983732998692320670e-01 5.945646020443520197e-01 8.582060492778875727e-05 -2.424908418609997618e+00 4.278712266339481651e-01 -4.152259655703218755e-01 1.467476488396798895e-01 6.109485281422153413e-01
-1.612440098801487531e+00 -2.032947094279881295e+00 2.772450652783688962e-01 -2.034279125278811440e-01 -2.225468464989795780e+00 5.835742802285064368e-01 -4.103264445902779500e-01 3.028113294527670085e-01 3.562036652373942736e-01
-7.954953177461504543e-01 -2.276585935323965360e-01 1.236639856708232482e-01 3.153090126644809699e-01 -2.586042965345929812e+00 4.033275727081173656e-01 -3.987586492710977759e-01 1.915077946946671106e-01 5.052269362568170274e-01
-7.589982444074153678e-01 -8.693538220588916676e-01 2.377734568565820217e-01 1.099497173091344981e-01 -2.412636181737160435e+00 -6.698420424910246362e-01 -4.258817724982167374e-01 2.237540994905724279e-01 5.092476924669502303e-01
-2.210982486540034486e+00 1.999894587673391455e-01 -4.771969354219525172e-01 -1.498930250869640046e-01 -2.269742780972463514e+00 3.223058769945631452e-01 -7.776777928234179793e-01 5.284697100879491849e-01 7.291451948908725944e-01
-1.044405970811010720e+00 -1.108095113576234692e+00 3.279158474259881162e-01 -4.828997767808531488e-02 -2.315465550878545997e+00 4.452430577040517035e-01 -3.879156201470509990e-01 2.628372614444083322e-01 3.725376368155237095e-01
-6.137124775318617553e-01 -2.336694143648255784e-01 -7.718054716870887955e-01 5.209580849822215143e-01 -2.714318484932749964e+00 1.286994033015575356e+00 -4.065111371800886331e-01 1.476790827467118761e-01 5.915236378592260147e-01
-1.043289807666676561e+00 -1.113906043069650131e+00 3.241663340367506030e-01 -4.904437458712365000e-02 -2.314810784991762294e+00 4.450403080604673489e-01 -3.878397896191454475e-01 2.627790755009119517e-01 3.724744548462280425e-01
-2.348590496886873158e+00 2.532313187874575267e-01 5.926733225646250158e-01 -1.684356096813941495e-01 -2.342993604816051789e+00 -7.199590661926583701e-01 -6.248720552688777907e-01 3.963661636969715296e-01 6.372292841236720795e-01
-8.759620759703988790e-01 -1.034950830425997337e+00 4.194015640541151058e-01 4.541139091708430026e-02 -2.442902784285079676e+00 4.303829806107813960e-01 -7.043005564448757694e-01 4.237682421151222623e-01 7.527489856451782257e-01
-9.170192312094235243e-01 -2.205559296136494485e-02 5.642921389850075187e-02 2.541657523238185501e-01 -2.525071968320285798e+00 -1.235849794704856563e+00 -7.345447901596715568e-01 4.798718329013501593e-01 7.222561863886436395e-01
-3.721144968279896048e+00 5.614761148820348602e-01 2.096616518229724724e-01 -2.063793625234804641e-01 -2.228007488519988311e+00 1.073645873854919053e+00 -7.865288190820290959e-01 6.668885280251449776e-01 5.363892011463800014e-01
-8.776212417325064408e-01 -1.037694665598944965e+00 4.365480550714385122e-01 4.410599641182563063e-02 -2.443786159246963408e+00 4.133322081748191379e-01 -7.044754459496705978e-01 4.240296246643691092e-01 7.526786232763033047e-01
-3.769706408815006737e-01 -2.485135678555685068e+00 1.482412984851888549e+00 -9.056003336317329511e-02 -2.290329012756019633e+00 1.096985901710359590e+00 -4.460500524320266114e-01 1.577460539009959695e-01 6.572521670143515182e-01
-1.592178159637544166e+00 4.949196539267477490e-01 -1.302368936635003749e+00 1.245288789447146494e-02 -2.445024493855798564e+00 3.776883713791016062e-01 -5.912343542848483846e-01 4.331259914817991441e-01 5.136240193986496561e-01
-1.559456832542178484e+00 -5.442025487104381609e-01 7.465127619165085049e-02 -9.556750018373827427e-02 -2.364385475930316005e+00 2.537910232883352490e-01 -5.290431652758257330e-01 3.679340119919203289e-01 4.913320835683304688e-01
-6.493688678302412809e-01 -1.531300627225241628e+00 1.793797912381511761e-02 2.089983202569167808e-02 -2.429532386513186371e+00 -1.392422930486823529e-01 -5.293715268722297695e-01 2.202254375945921216e-01 7.293138666427250172e-01
-6.552253337441646952e-01 -7.137019632923085055e-01 5.317300659186868783e-01 2.560576359611788089e-01 -2.560017303111491671e+00 -6.025105740285423561e-01 -5.517090848385959312e-01 2.251912745647907943e-01 7.685257221648131853e-01
-9.737057933815825850e-01 -1.297248174898240736e+00 2.287583420951273983e+00 -1.572744163450314481e-01 -2.233184293475261928e+00 -3.152146679176074606e+00 -1.988439466849393655e+00 2.098841304813322761e+00 7.098715804297638376e-01
-7.820275162760165211e-01 -9.095883345403239506e-01 1.966756923025494985e-01 1.102321293448250833e-01 -2.451666513048068374e+00 2.518793843071597816e-01 -7.150366594844714818e-01 4.336094300035906457e-01 7.582241115758865391e-01
-7.700473393906348551e-01 -9.996732113653251650e-01 -4.253262587287276464e-01 7.578497147387630584e-02 -2.377865298373159852e+00 2.453190833985114949e-01 -7.163814680318491002e-01 5.456557741972458686e-01 5.840209918418817203e-01
-9.731655960979175291e-01 -1.297352163688610061e+00 2.287356219891909959e+00 -1.569677676018210732e-01 -2.233364724598575712e+00 -3.151340651348677024e+00 -1.988464623480066029e+00 2.098841039257000496e+00 7.098961402363361817e-01
-5.365698968874876851e-01 -4.888185545132316401e-01 -1.698889621488064883e+00 4.447195538227157741e-01 -2.636253440780975232e+00 -1.407049221010834961e+00 -6.716314560836962322e-01 3.704502905352762832e-01 7.746538849685934425e-01
-6.174999232027055251e-01 -6.448452738839793863e-01 5.706583592546018435e-01 3.257969726570796309e-01 -2.616060742934452676e+00 -1.343589689939471976e-01 -4.988987787483466496e-01 2.614563764287782255e-01 5.983763912022690423e-01
-1.256560375959697939e+00 -9.513850230963867283e-01 -3.393363442270480590e-03 -6.981762562690302376e-02 -2.382366958994013295e+00 -8.761134776297807569e-04 -5.658575249092293591e-01 4.046068463354099976e-01 5.075115931765469268e-01
-7.865953201029457498e-01 -9.077806627438380627e-01 1.998520143411957606e-01 1.086500237306237543e-01 -2.450845770000804169e+00 2.474675880563864949e-01 -7.175133070174726235e-01 4.346414801345298007e-01 7.615387996565767814e-01
-7.854032592143133096e-01 -9.081814638125865757e-01 1.993517831128299722e-01 1.089990422034981532e-01 -2.450949483715468169e+00 2.504400346593598226e-01 -7.169807507225345322e-01 4.344199876138037375e-01 7.608245941743240204e-01
-7.856259479020886172e-01 -1.411047054993412875e-01 -4.738936126458809794e-01 3.613211806475313814e-01 -2.614490566345011757e+00 7.147155543513012965e-01 -4.495440530912226951e-01 1.575823761295841730e-01 6.653821282124924297e-01
-6.975164851758941520e-01 -6.129420409272606785e-01 -9.359765782943065826e-01 2.504299338006660269e-01 -2.519252785186059551e+00 7.033618150047145079e-01 -5.112767814279961520e-01 1.575710730042056695e-01 7.975779715701848405e-01
-5.219163054712694372e-01 -7.236301305722724342e-01 -1.353991806668565445e+00 3.841243877745310065e-01 -2.651640471965880597e+00 8.326579636583920641e-01 -3.512606655848414250e-01 5.744461452854011940e-02 6.226794008431066896e-01
-8.161674327337811174e-01 -2.068941095952283593e-01 -8.697223290753675062e-01 3.406582432088148815e-01 -2.660984193600284264e+00 -7.465524186119294470e-01 -3.733721986216830269e-01 -6.716296415535474851e-02 8.863073464170827531e-01
-9.626580880228772230e-01 -1.291778213736618497e+00 2.270886709342056164e+00 -1.515126198258779922e-01 -2.237711578956451675e+00 -3.132794109324205767e+00 -1.988874958829615069e+00 2.098550590390684256e+00 7.104821883971926821e-01
-1.950668396042700259e+00 -3.310920527305287742e-01 -2.512167894962669679e-01 -1.540922159887763154e-01 -2.235735595343619764e+00 2.574495581941176336e-01 -4.673833132894888998e-01 4.101030124618132433e-01 3.075807835163035797e-01
-2.733244382689183016e+00 1.160329106229557539e+00 -4.037612249913270501e-01 -1.642815820471913990e-01 -2.330475276734710111e+00 2.249250374172027389e-01 -6.365609723644176654e-01 5.725510760628922391e-01 3.938363266409302677e-01
-1.150451053322744999e+00 3.700451228313361707e-01 -3.062361297315111752e+00 2.727536529256230913e-01 -2.596587804441019554e+00 1.927643098701271818e+00 -1.059968329973005385e+00 1.014226656363565571e+00 5.430819911716632253e-01
-1.429378045917709450e+00 -5.169913596347279761e-01 5.221449133924747077e-01 -6.406203842814459093e-02 -2.375260620110156928e+00 3.093822470481766285e-01 -4.524764277363943488e-01 1.882447158520869912e-01 6.208920441308241056e-01
-1.032278653029157889e+00 -2.582657302398422061e+00 -4.126717615205518497e-01 -2.438174829675258393e-01 -2.211419773154793766e+00 -2.283119457895032234e+00 -3.316090724021482639e-01 -2.856792434080598908e-02 7.236811560462751425e-01
-2.351073195304530739e+00 2.563247284647256485e-01 5.914746960916406060e-01 -1.686112460691986115e-01 -2.343124978657540325e+00 -7.253938970755287041e-01 -6.247967092177182380e-01 3.961534593624032596e-01 6.374180484908672506e-01
-1.016580951693811130e+00 -1.019071372375194739e+00 -6.331465509400524549e-01 -1.311849093388556264e-02 -2.372030857119888037e+00 4.336104673729138659e-01 -6.086038378143014960e-01 4.420418609293316758e-01 5.336799311654470968e-01
-6.823695223865755555e-01 -6.679194285971947753e-01 -8.930322283109773940e-01 2.422753046961960977e-01 -2.514877652020313992e+00 7.104391174324375946e-01 -5.150765090355490239e-01 1.626053969510844188e-01 7.971093686706033354e-01
-7.056762506567347548e-02 -3.154557676700021629e-01 -1.519420983894928856e+00 1.746607231039886354e+00 -3.141041073830721952e+00 1.409352890613780607e-01 -3.577993525164702704e-01 9.999906377657613588e-02 5.681580855948774600e-01
-1.729149623406967429e+00 -2.555567096395465754e-01 -4.053741172712657659e-01 -1.035153651246572826e-01 -2.348676380023893007e+00 1.880133370676244642e-01 -7.333848441888215497e-01 6.265389967905364843e-01 4.966718801819859364e-01
-1.198002351965981926e+00 -1.020316191540798778e+00 5.277663951478415161e-01 -7.628715036227740054e-02 -2.336929706230033155e+00 -7.240374306852106479e-01 -7.710512513444489624e-01 5.433375630876839946e-01 6.929385004706324347e-01
-8.669085146157333721e-01 -1.077141358618796119e+00 6.759853896630361181e-01 3.689530030980364694e-02 -2.453330844758067286e+00 -5.908001456970287668e-01 -7.338790569229592942e-01 5.433092266205019616e-01 6.215055125023145610e-01
-3.741876071721446095e+00 2.313151879591337501e+00 -1.740357375621391256e+00 -1.740629177504002534e-01 -2.288666163398767495e+00 1.539784573765828002e+00 -6.753131610725304768e-01 5.215191816996490592e-01 5.419463196343733413e-01
-1.425014842592493558e+00 -9.855299667867695179e-01 7.776754782605284355e-02 -1.047899264424610455e-01 -2.395519314714512848e+00 5.867924313056056551e-01 -4.935307234281006150e-01 3.553107797683738855e-01 4.407860011687075308e-01
-1.356975470637694192e+00 -7.805734234317573961e-01 1.075723410187420237e-01 -7.518584118319035503e-02 -2.397985409477066288e+00 -2.792854187768905039e-01 -4.297053094484554192e-01 2.252823816601688400e-01 5.148053153948290994e-01
-6.539491711304816768e-01 -1.525477072035577919e+00 5.055218316820653257e-02 2.046514093181070471e-02 -2.429877346578016351e+00 -1.428446528923467407e-01 -5.295715622992174243e-01 2.203926401931837753e-01 7.294574645967102366e-01
-4.439562741699464854e-01 -4.093560688405532000e-01 1.426996135506710672e-01 6.079411637199797491e-01 -2.720862944353000135e+00 -1.236657907827596325e-01 -7.704806340666459086e-01 5.249635737764245524e-01 7.213107502303497398e-01
-2.347990341889418353e+00 2.532031048328950984e-01 5.921982765897783052e-01 -1.683025827049015044e-01 -2.343098958739372240e+00 -7.197213591664712862e-01 -6.246901892440839266e-01 3.960750146490516488e-01 6.373291482939743569e-01
-4.644392748884136890e-01 -7.810942272079899329e-01 -4.439099115653409866e-01 3.746773564321302930e-01 -2.595884853389794245e+00 -8.481894288371573387e-02 -7.427739486414006720e-01 4.807466607238202183e-01 7.372122555679248013e-01
-4.638772014684809375e-01 -7.816031528094281589e-01 -4.438870025735508484e-01 3.747196667463550956e-01 -2.596008041481826289e+00 -8.718839587056592677e-02 -7.427699459891370370e-01 4.807492684452317477e-01 7.371996467340803383e-01
-4.098253628085364308e-01 -2.950746769791558477e-01 1.269165030772026581e+00 7.219249749016181106e-01 -2.763368119449701066e+00 -7.190735985957973364e-01 -7.744033645928449783e-01 5.332811213521649885e-01 7.159045213179758838e-01
-3.456311750392000448e-01 -1.499830212923889405e+00 -3.851148807927696760e-01 1.669250774303308593e-01 -2.507507547432000550e+00 3.257900100834565382e-01 -4.935675961766043951e-01 3.173180778299826144e-01 4.992032406081887697e-01
-9.873418391958690421e-01 -1.081331381015042004e+00 -1.367646271677556979e-01 -2.347505742161716882e-02 -2.355105470085911978e+00 -4.176051390445700839e-01 -5.956105217395516460e-01 4.112360532341516883e-01 5.556143577003509471e-01
-1.017078477719845164e+00 -1.037988293188855771e+00 3.550569725754668671e-01 -1.223980947860239463e-02 -2.400320504696662471e+00 5.759534684470776211e-01 -5.262855765528040575e-01 3.137239525921019512e-01 5.703355636719442678e-01
-3.423014952742899908e-01 -1.341953206719071146e+00 -1.906606048338963522e+00 2.069153466580264111e-01 -2.488667127213719521e+00 -3.772386577645822081e-01 -5.342450427560863080e-01 2.086226839956995538e-01 7.592300390388111442e-01
-1.383726084364849118e+00 -4.962200318878613459e-01 -5.131182437802523921e-01 -8.502072654940173724e-02 -2.317122859117415778e+00 -1.795825793895657219e+00 -6.044159394009416264e-01 3.468661084364710323e-01 6.753733926246646702e-01
-9.850063246254261440e-01 -1.074250472096555997e+00 -9.553882822711066980e-02 -2.045805371445909293e-02 -2.358485486499721784e+00 -4.094112536756013276e-01 -5.945907900630301723e-01 4.097631182645264381e-01 5.558967549525718477e-01
-1.221516202103466231e+00 -4.400807492701359624e-01 -1.001683299737840538e-01 9.660319171673661942e-03 -2.385568051228009079e+00 7.857154960196667259e-01 -5.869362746207015258e-01 3.377080072022932700e-01 6.546353147262250483e-01
-2.926781595198276964e+00 7.705918063598575785e-01 -6.391467501580847532e-01 -1.754943168128208497e-01 -2.332840681591332288e+00 1.450847377281605066e+00 -6.320574123535912525e-01 3.555653918432732929e-01 7.177045645107428262e-01
-8.547764843614927832e-01 -2.863910553047217533e-01 -4.697146651577440157e-01 2.728059368637408277e-01 -2.606188123236801601e+00 -4.118213608492413691e-01 -8.064748893937068175e-01 4.965735780533858112e-01 8.390632387595990949e-01
-7.807237553048602674e-01 -1.098836019484372706e-02 4.574202729794181188e-01 3.885033105870248082e-01 -2.598990742681209998e+00 -3.562221006145196295e-02 -5.617326143898596635e-01 2.979961120103523098e-01 6.678985174976408423e-01
-5.445214952885417681e-01 -8.683997707187293136e-01 1.506277423631235957e-01 2.847179269275701419e-01 -2.579887099993633193e+00 -6.781038841428425057e-01 -8.240749063725612000e-01 4.728479702083964176e-01 9.152809860446375900e-01
-9.635656524462695716e-01 -1.269736703752791129e+00 2.243231773359944281e+00 -1.478679845688855021e-01 -2.240143522964328948e+00 -3.125730275550146597e+00 -1.990205776789029990e+00 2.099539222680725015e+00 7.111022464236250729e-01
-9.636285153958609184e-01 -1.270028470329799264e+00 2.243857381568631126e+00 -1.476619296578733920e-01 -2.240109392965183854e+00 -3.125838751772882063e+00 -1.990244937395358571e+00 2.099591621709919309e+00 7.111060752647196948e-01
-9.635420581501832338e-01 -1.271043389786248756e+00 2.245014948284377976e+00 -1.479673029504294246e-01 -2.239998299638186197e+00 -3.126168807968785934e+00 -1.990157347053996828e+00 2.099515984737411411e+00 7.110716969482692162e-01
-5.123706570560405682e-01 -6.801612378940378179e-01 1.360944842320860881e-01 3.594723166663922331e-01 -2.572035767361208425e+00 -1.219328909125557914e+00 -9.097223098601983082e-01 8.519087285022316491e-01 5.000592757226548501e-01
-9.889411558248389911e-01 -2.692491373297644763e+00 -1.104807822583834254e+00 -2.474072899044472973e-01 -2.244353864486118511e+00 -2.390609159543472195e+00 -6.344172132951706455e-01 3.546625473705577458e-01 7.240262362784226635e-01
-9.333958580918613190e-01 -1.393453272331707904e+00 1.240325153156620896e-01 -7.031108838675109718e-02 -2.332271562526913478e+00 -1.248141027112416701e+00 -5.740267398362378648e-01 4.623486294084598880e-01 4.360885781011349382e-01
-1.963166172818946675e+00 -8.234118072313545422e-01 1.792329648482895998e-01 -1.792165895093017491e-01 -2.262311437487042109e+00 -3.210050132253173816e-01 -5.595910513007225084e-01 2.197891909037532621e-01 7.942580809154935473e-01
-1.396471859724291997e+00 -1.864300061904476724e+00 -1.166602789508866644e+00 -1.919465220260906935e-01 -2.315591309782087936e+00 -1.291280869090119188e+00 -5.146649943115908510e-01 2.510255341649448302e-01 6.474812529207584211e-01
-1.961790312233476552e+00 -8.213286913217731078e-01 1.787721381283460809e-01 -1.788313203823171937e-01 -2.262158560818471997e+00 -3.185417747529801780e-01 -5.595843545749560333e-01 2.198250502539506324e-01 7.941810818199255273e-01
-1.250882836102461315e+00 -7.639332690323995534e-01 2.824697531884745594e-01 -4.666174999626865327e-02 -2.404877768088855117e+00 -6.158417083938356740e-01 -5.852441180245654406e-01 3.173693437741078038e-01 6.844713789918834834e-01
-1.309077502782768798e+00 -1.645912960835141381e-02 -1.256771936258764821e-01 6.118394444218680506e-02 -2.509861096792457946e+00 2.112481375530128602e-02 -4.617532120734609280e-01 1.269508521707471416e-01 7.430455400408472189e-01
-1.527399815637560332e+00 1.521069773025581773e+00 -7.167742801375873718e-01 1.301578126452430650e-01 -2.540876730753804047e+00 9.340041110011392256e-01 -4.138699335417337366e-01 2.291934520622510574e-01 4.767406340166506773e-01
-7.560933359680411803e-01 -3.481392548297579936e-01 3.344141580120624235e-02 3.123662793565339935e-01 -2.593786147931016917e+00 -3.774271609044275166e-01 -5.376519221779605395e-01 1.905905771475804589e-01 7.978584454259350922e-01
-7.940332402055187977e-01 -5.922515739390069589e-01 -1.453099893449583124e-01 2.017244120344040270e-01 -2.528442477632057095e+00 -1.623983072236455660e-01 -6.817597816126883536e-01 3.887551444679109292e-01 7.648019645667650801e-01
-4.652155837328296739e-01 -1.205253934205424038e+00 -3.253899533415323120e-01 2.123869234051486976e-01 -2.544551976080889677e+00 2.652358346302494674e-01 -5.959781333336514608e-01 3.791836453480009195e-01 6.067878493200753454e-01
-1.248966159081578153e+00 -1.369098883592739124e+00 -5.307342567337163253e-01 -1.491116423007191605e-01 -2.255849612606807941e+00 -1.563401930472338552e+00 -6.627276695444288546e-01 5.957329079929070126e-01 4.093309426969791720e-01
-1.078901837493251525e+00 -2.920820509448385782e-01 -1.979437529523418449e-01 1.115091015128434893e-01 -2.499412644836929598e+00 -4.685403912055354780e-01 -6.418157872392656893e-01 4.183079102032319363e-01 6.362918825719700022e-01
-7.018075955426843482e-01 1.521313739085421446e+00 -3.908312195095065555e-01 1.168491077827400249e+00 -2.944751118961427050e+00 -9.828626628447447722e-01 -4.697313911927233909e-01 2.806037976953685426e-02 9.372180866789022735e-01
-7.017372813416817845e-01 1.520119316954602118e+00 -3.900096645605433676e-01 1.167449106230160849e+00 -2.944410737205609863e+00 -9.826807543392711564e-01 -4.696909506848848670e-01 2.802996773165002120e-02 9.371771023633808095e-01
-7.343256104285448282e-01 -1.374127852652808679e+00 6.542202563602794729e-01 7.559574655508591312e-03 -2.372666492813924499e+00 -2.775232531266625946e-01 -3.303584210182565206e-01 4.840394271950111682e-02 5.928519924767824412e-01
-1.079006433264545040e+00 -2.844421214843866341e-01 -1.882888332737800152e-01 1.127191864291306744e-01 -2.500094978967905668e+00 -4.585631548942759594e-01 -6.419350861450675572e-01 4.184670055879363137e-01 6.362761909037206731e-01
-1.449177845059351544e+00 -1.737050169068785399e+00 1.349228483479304241e+00 -1.822476017321463804e-01 -2.217895342973131179e+00 -3.507921659945314463e-01 -8.036577710473911118e-01 7.121740098840043665e-01 5.031011185854442624e-01
-9.110828680425977488e-01 -1.396776342870787335e+00 -6.496599124667596925e-01 -5.014527428549812177e-02 -2.356359397616218931e+00 -6.553427312210058364e-01 -5.714948422529618766e-01 2.809360497764281095e-01 7.159944382734564350e-01
-9.103740827625075305e-01 -1.397818820506035786e+00 -6.474513245747602896e-01 -5.058221754412949023e-02 -2.356233853845487669e+00 -6.552474960098311207e-01 -5.715097300197180541e-01 2.809858985767030304e-01 7.159411691321955207e-01
-7.817134394771050321e-01 -1.990079928936088871e+00 6.254669784635524810e-01 -9.891698748960234266e-02 -2.361576503517123005e+00 -4.073834981182323234e-01 -5.228531534087248467e-01 1.708652672562799291e-01 7.997101465421052602e-01
-4.387448267420087089e-01 -3.963833111063331249e-01 -1.534924928721060233e+00 6.688595658045605186e-01 -2.789604388188221318e+00 1.106603927261534670e+00 -7.606741660592416521e-01 5.931752865449391177e-01 5.973850580416031342e-01
-7.735505935016744328e-01 -7.973800813150011546e-01 5.368775325922217068e-01 1.597604261605826692e-01 -2.532147025311219046e+00 2.033888760649014138e-01 -2.906221105744806188e-01 1.113839625151848145e-01 4.107295203687272300e-01
-1.080251702510683476e+00 -3.484338113899607126e-01 -6.389735982051553131e-02 9.779871850204177597e-02 -2.483027239501337746e+00 7.638383288913115632e-02 -5.368538532603263080e-01 3.308556598896174594e-01 5.646582557122638013e-01
-1.075420320014945696e+00 -3.596382503061030800e-01 -2.077575401723262549e-02 9.831988934788003787e-02 -2.483567379168000855e+00 7.064588880265969262e-02 -5.375828053189907196e-01 3.318638432269751526e-01 5.645348600681355800e-01
-4.366801560135917804e-01 -9.691709936663941427e-01 1.266563665294419216e+00 3.048879030029778558e-01 -2.569287639967432035e+00 -1.241541802052049892e+00 -4.715449848940358457e-01 2.202179445372467459e-01 6.086159344572554808e-01
-1.356093704287905766e+00 -2.493420677736604141e+00 9.944779991269712127e-01 -2.100939690483303590e-01 -2.186892357769000927e+00 1.133435634791668534e-01 -3.775140459875508947e-01 2.896710157736870905e-01 3.113093580013488459e-01
2.395011202039019071e-01 -2.934485646785412793e+00 -9.080474236385998044e-01 -4.935635362553421335e-02 -2.339770022891579426e+00 3.048393627670937800e-01 -6.220223958056474434e-01 2.815686989029220211e-01 8.212869599216985339e-01
-3.218021890289661791e+00 -2.360780471573668660e+00 -2.780976529143572851e-01 -2.351392426311922357e-01 -2.252072896318186856e+00 8.298895125062529798e-01 -3.755416119828592914e-01 2.302449300387452713e-01 3.978117865081661764e-01
-4.208215124474743440e-01 -8.409829238501321802e-01 1.033260418214239640e-01 3.694740160905579107e-01 -2.576664454999357368e+00 -5.516515525019199950e-01 -4.888818368003051695e-01 1.955860421870018739e-01 6.850976240340155288e-01
-7.658022124870752512e-01 -2.616258670780088558e+00 1.905439667396916059e+00 -1.611417960042650088e-01 -2.324431141570373782e+00 -3.186189866989002084e-01 -5.966591986652258761e-01 3.273847167830976623e-01 6.913817337351000347e-01
-1.181961003856359493e+00 -1.067521733368570036e+00 1.260273782444847335e-01 -7.819845880681378092e-02 -2.305460738229886175e+00 4.213869762727764368e-01 -3.820575574931039387e-01 2.549247599822178079e-01 3.729722899271551428e-01
-1.032284710547615614e+00 -1.150407925930199582e+00 7.365427024353209395e-01 -4.275503153000860534e-02 -2.365158906383438620e+00 -2.913984060230426776e-01 -7.166944333998318539e-01 4.925473268997626608e-01 6.667133332815096125e-01
-9.530083516446519187e-01 -1.941802712057521418e+00 7.880027640798725752e-01 -1.245492780665968385e-01 -2.307015837119342105e+00 4.757299680290131838e-01 -6.726408869364528531e-01 4.750992872071206907e-01 6.076941601550929217e-01
-1.271298013051795905e+00 -1.101291480912375054e+00 1.180193112685730572e+00 -1.019790805586473226e-01 -2.294976538803806143e+00 4.205882368074450595e-01 -3.630626735992315557e-01 1.334158360979130764e-01 5.239055081961397908e-01
-6.728559589512823624e-01 -1.744215709640773548e+00 4.019281479236022081e-01 -3.990324088530919355e-02 -2.362385108742646178e+00 -1.360767679263781282e-01 -4.638719001579185708e-01 3.978801738593171211e-01 3.190010632870396989e-01
-2.387462168275298779e+00 -4.577004233368942021e-01 4.154921743232073972e-01 -1.933909419250829931e-01 -2.278589096787962731e+00 -2.864707630116578030e-01 -6.522004030640041750e-01 4.688982345088159587e-01 5.774464155601084503e-01
-1.264886281534561840e+00 -9.628812702852410643e-01 8.411546403964007546e-01 -8.828929545171952664e-02 -2.323530191107196607e+00 -7.677682196265857018e-01 -7.230284347167643677e-01 4.749313441124940471e-01 7.070740757074827076e-01
-1.594824437862305100e+00 -2.057569386361616015e+00 3.044698863598704897e-01 -2.031196592846665483e-01 -2.224187578969996970e+00 5.527520692602009289e-01 -4.099872468086278587e-01 3.026436524064498035e-01 3.557858342499324866e-01
2.316225454447423893e+00 -1.870496249130162436e+00 -1.915171387110483847e+00 6.273040881863581220e+00 -3.589011622438849969e+00 5.716497448210566823e-01 -4.138594865756027863e-01 2.868183385708055200e-01 3.895375055294998945e-01
-8.368152695754957904e-01 -1.308467509456508471e-01 -1.015775999929647622e+00 3.485209276008098822e-01 -2.651920566784287114e+00 7.235274053105946734e-01 -5.575404730244338802e-01 2.792114823717553596e-01 6.903028614947213093e-01
-4.644495378461303003e-01 -7.797293679212231599e-01 -4.473126357834649180e-01 3.756490298569857833e-01 -2.596415523913483181e+00 -8.594220074693373346e-02 -7.423153820447827567e-01 4.805338057738293145e-01 7.366458523343308862e-01
-5.194861555550193133e-01 -7.645240308949134977e-01 1.100385879803881917e+00 3.067411821044360165e-01 -2.541050370817937498e+00 -1.603054506867212847e+00 -6.243805930423677042e-01 2.786638924821009389e-01 8.317516118019018245e-01
-6.833762950798227820e-02 -7.293332751259913316e-01 -1.238500175111209245e+00 1.075561144138327929e+00 -2.997520020748833947e+00 -3.912519733158560942e-01 -4.762525284885338328e-01 2.769118352556154683e-01 5.284596756680949303e-01
-6.672021980938014352e-01 -1.275307541221097241e+00 -4.124371928608150384e-03 7.078257223054434943e-02 -2.464581779576158205e+00 -9.201269318552753873e-01 -6.687452042908529348e-01 5.494402381818774828e-01 4.881490388667973912e-01
-9.627253913194203649e-01 -1.290381018715271555e+00 2.269846523545495209e+00 -1.512924644186287582e-01 -2.237810575000585889e+00 -3.133664568276757212e+00 -1.989445702909531599e+00 2.099177861201397821e+00 7.106147936416280508e-01
-1.140052936325751443e+00 -9.823044003818062198e-01 4.786348169328662472e-01 -5.240565506870682733e-02 -2.343863924683078359e+00 -2.159175344201331725e-01 -5.550340185952423733e-01 2.964964732936823388e-01 6.563063891668909910e-01
-9.626723214322121525e-01 -1.289158316364274803e+00 2.267975016538985589e+00 -1.514691376979095117e-01 -2.237942016063794615e+00 -3.133393549221068497e+00 -1.989488030758840731e+00 2.099196466416529461e+00 7.106416793547108979e-01
-9.626968445302267474e-01 -1.290822052495927519e+00 2.270417727659175711e+00 -1.513560340358357514e-01 -2.237766245565522283e+00 -3.133732697265661837e+00 -1.989392220541195133e+00 2.099127483999634780e+00 7.105967916765464354e-01
-2.547912243225403106e+00 5.454421810378421442e-01 9.500706623964348951e-01 -1.787145115458638189e-01 -2.261495739234042013e+00 -2.942840469138231427e-02 -3.432534224126450040e-01 1.837348160252445795e-01 4.046675310924925939e-01
-1.471602051527011401e+00 9.020769229147482804e-01 -1.232605855697446628e+00 1.044935709325839207e-01 -2.486363175769369604e+00 1.330686642563393862e+00 -7.873752250734019631e-01 5.717228948758685814e-01 6.804637635594628087e-01
-1.233870249244246375e+00 2.820513815478853381e-01 6.640312274882423926e-01 1.174851029773923416e-01 -2.472714847548005412e+00 -4.013535487634021237e-01 -3.675448334153811336e-01 1.809600364350049395e-01 4.582634106959239673e-01
-4.516195304467516269e-01 -3.799635977726992797e-01 -7.640983567923935738e-01 5.818314566277822397e-01 -2.671533231353857563e+00 1.060435666273884248e-01 -7.708384750346269909e-01 4.874985581156480174e-01 7.822682402185786588e-01
-8.692558223562331099e-01 -1.222200522842993742e+00 -6.279298965992876624e-01 -4.316935589878501123e-03 -2.386990873865501239e+00 -5.728431551623215379e-01 -5.704443705110522345e-01 2.870805450871953823e-01 7.036405563665082408e-01
-3.501612505416460408e-01 -4.193415545076362161e-01 -1.342975264583662343e+00 8.254524604618536099e-01 -2.884602375834978361e+00 1.103169112537939922e+00 -7.705225407053374331e-01 6.125663800564848938e-01 5.872331692600644137e-01
-5.424501816096226336e-02 -1.535083273240599677e+00 -2.781909347300262070e+00 2.825020241410995392e-01 -2.523936152093115837e+00 -6.439965834858989435e-01 -5.848299921096159482e-01 2.428710568979032536e-01 8.087448730915565154e-01
-1.159334652933993848e+00 -3.232554627899912880e-01 -6.583921924359370514e-02 6.478793674407565262e-02 -2.470231566793188005e+00 -6.178267027862427430e-02 -5.610064981220654889e-01 3.687957379639086319e-01 5.533980100947500924e-01
-9.096920400326106160e-01 -1.793190503430296401e-01 1.507414130078773562e+00 2.711352015614804101e-01 -2.633574124861886911e+00 -3.789560173362295226e-01 -6.219260322142502462e-01 3.899013757576825778e-01 6.419884708944079144e-01
-9.733509409291938308e-01 -1.297317239399068400e+00 2.287453726331171833e+00 -1.569818021255344198e-01 -2.233312295162935612e+00 -3.151559073184440507e+00 -1.988468842333668052e+00 2.098853922742631273e+00 7.098918621537535500e-01
-4.901200735829785993e-01 -1.746283367111475693e+00 1.005798377582323377e+00 1.711225242757796750e-02 -2.373666451602217453e+00 2.045637055674109916e-01 -5.257505313432908611e-01 1.838901140324855354e-01 7.832650564456592468e-01
-1.303865180358154685e+00 -9.700576892447689836e-01 2.324540130917598368e-01 -9.318227581060763154e-02 -2.330585817527198067e+00 -5.421534972236872196e-01 -7.377773671173862846e-01 5.055300858384036422e-01 6.875275213511652384e-01
-3.344888621170459819e-01 -1.353264499480050009e+00 -1.973921274166440032e+00 2.057957754950902052e-01 -2.486108124635951988e+00 -4.029436484002024699e-01 -5.322183104493899419e-01 2.053267362845683508e-01 7.605082272260670351e-01
-1.281789526118569666e+00 -9.750741083835362533e-01 4.875469507603908403e-01 -8.121489693986153058e-02 -2.366627590830455041e+00 1.870316015169714088e-02 -5.047524228037960636e-01 2.968674050913394091e-01 5.535840532049156604e-01
-1.285868744995350532e+00 -9.732733253435401632e-01 4.891752538122957628e-01 -8.235870733369331231e-02 -2.365280968317777344e+00 7.508075811595795249e-03 -5.040467297568907989e-01 2.965644668250875804e-01 5.526364292269295708e-01
-4.122137070896446653e-01 -8.516139068266234124e-01 8.604767130289436849e-02 3.714033918292971026e-01 -2.577222165501991125e+00 -5.572144105072627251e-01 -4.878955887687002613e-01 1.937738108233650336e-01 6.860335802389874171e-01
-9.487948941810238068e-01 -6.758964424531723747e-01 -1.756869206517448490e-01 8.300128805707121527e-02 -2.445378863866667807e+00 -2.817464610945537018e-01 -6.548027752772249688e-01 4.521023701022113261e-01 6.086952675899207632e-01
-5.291818406279111819e-01 -9.467800443833136459e-01 5.502475751794257963e-01 2.893905460252873540e-01 -2.619738270914417466e+00 8.948396014945299015e-01 -6.332759861338521645e-01 3.555846087751619033e-01 7.204908772106456416e-01
-1.923076929179519112e+00 -2.445327817366749201e-01 1.294986621217644185e+00 -1.371508263094354807e-01 -2.345679047572349241e+00 7.159730594269708703e-02 -5.995707720248407702e-01 3.360410819446512654e-01 6.832205030144186120e-01
-1.260802777133184893e+00 -1.235140979621212054e+00 1.127242999575052140e+00 -1.140536708389624510e-01 -2.287003779785985458e+00 3.853070234584835552e-01 -3.674593266526677837e-01 1.387802139528322432e-01 5.244070876859917574e-01
9.009309620270755659e-02 -3.183492349150985223e+00 1.083309706458078558e+00 -1.085931339647358274e-01 -2.285780087797792071e+00 1.227087458260382791e+00 -6.824337295670934722e-01 4.745069282049764192e-01 6.276120402170759505e-01
-3.702443279779947249e-01 -7.676096039198694321e-01 -1.204825843595598300e-01 5.205032864923480052e-01 -2.730312301580906986e+00 1.415901651036559405e+00 -3.157355215166186557e-01 5.776571484997217176e-02 5.474083156637069569e-01
-9.194908290330970624e-02 -6.200388255225771639e-01 -6.776346214829070957e-02 1.049659015365178805e+00 -2.923015681458835058e+00 -6.021517278750260216e-02 -6.261210696380264951e-01 4.737620018172354897e-01 5.202782293945712455e-01
-9.189077922453445235e-02 -6.217467165305475829e-01 -6.777777905581817974e-02 1.049070902506993974e+00 -2.923273739399256943e+00 -6.661137027987547310e-02 -6.260650657204693825e-01 4.736586979252873641e-01 5.203285785185263190e-01
-1.168945001197566613e+00 -8.490568032390877207e-01 4.242918881650957208e-01 -4.078549466317817063e-02 -2.382058546874668004e+00 -6.570319954398479156e-01 -5.258501100603332201e-01 3.200191421808822878e-01 5.595283374862020098e-01
-1.103379904994209237e+00 -9.961543304844061586e-01 9.196959968956057718e-01 -3.933459468957058863e-02 -2.372289923235829878e+00 -2.986204135897240763e-01 -7.959164944025550747e-01 5.785291219726121925e-01 6.861511035787175583e-01
-1.201757835265201857e+00 -9.066641288112369246e-01 6.914695563929897926e-01 -5.429242703335692560e-02 -2.372677604044286959e+00 -4.109601631395965460e-01 -8.150789356623863169e-01 6.030714703486858008e-01 6.849382076468750746e-01
-2.031917523962276206e+00 3.162029663350175213e+00 -2.951856496770497440e+00 6.778790505097342933e-02 -2.556092001784826095e+00 1.049897437822655544e+00 -4.298248303549789817e-01 2.346965111917601876e-01 5.004060801965184435e-01
-2.093166030697958480e+00 2.233441122983884419e+00 -2.224149872775099013e+00 -1.002485310808699792e-02 -2.472968103959019448e+00 1.609687865757588598e+00 -5.372489755081926166e-01 3.794403161906249045e-01 4.900061848118216767e-01
-1.608450254277735025e+00 -1.183366948452079237e+00 3.703259554040272405e-01 -1.567998006158191349e-01 -2.305587885831458905e+00 6.586029979621470520e-01 -4.582184345331478115e-01 3.501258693310441705e-01 3.791339860268410633e-01
-7.351426515047259080e-01 -2.261122208405430101e+00 -2.572446029373595122e-01 -1.442382973562656712e-01 -2.281558527544741644e+00 -1.356928834883447621e+00 -8.178196495550162926e-01 7.109482473512696021e-01 5.307357515217951960e-01
-8.535567858638114513e-01 -5.503731644350864372e-01 9.852558330297717104e-01 1.723327169384886448e-01 -2.514033904623373505e+00 -9.074274048583341745e-02 -4.690239978604327509e-01 2.203215824801484923e-01 6.031948397814684837e-01
7.115722595262838901e-01 -1.237531499712832161e+00 1.645591375387449817e+00 3.226165082823278851e+00 -3.109077319492340230e+00 -5.547897767025504301e+00 -4.747138067502808534e-01 3.857920798487478042e-01 3.615807944470554869e-01
-2.153925645390891153e-01 -1.132423951084649882e+00 2.644030219781668412e-01 4.378492955066282111e-01 -2.662857003751728957e+00 -5.007641823599822128e-01 -8.977906928727695801e-01 5.107818966693967733e-01 1.001802361536430652e+00
-1.374909739827899990e+00 -3.419251504872650727e-01 4.503174339833677653e-01 -4.614734058150982143e-02 -2.329259950510322863e+00 -6.133470514320665812e-01 -4.196769028589291128e-01 1.921086317493150009e-01 5.467400208390633676e-01
-2.120298515923725091e+00 3.447774538462144989e+00 -3.120192945130804585e+00 5.569778082773599315e-02 -2.550979611592188334e+00 1.144530142807000939e+00 -4.096898927082405772e-01 2.182701150856367345e-01 4.854183529275969966e-01
-8.120589870380854336e-01 -8.176342803964293804e-01 4.247339276405212027e-01 1.153030170745042299e-01 -2.456138430929761807e+00 -2.963372130937175220e-02 -4.706308807380339410e-01 2.460441920319326736e-01 5.650577414668764842e-01
-8.026123343928454057e-01 -4.289350305507363403e-01 -6.119446075419311404e-01 2.358650193955734442e-01 -2.522356548376414764e+00 1.258027643143630747e-01 -5.639235554088447566e-01 3.599805687491349770e-01 5.729405724177848436e-01
-8.589148384526048563e-01 -5.923118687289035122e-01 4.450636355023249724e-01 1.543623139779147224e-01 -2.487947432526240732e+00 3.946550490989362281e-01 -4.929073029710611120e-01 2.525596057574305831e-01 6.002018040148490163e-01
-1.185831669231351526e+00 -1.452430450712902665e+00 2.294035429688308092e-01 -1.131195376916086792e-01 -2.351942959098980879e+00 3.899479735458005747e-02 -5.470542387696255560e-01 2.574643611308852775e-01 7.041273671431362846e-01
-9.748350902525083628e-01 -1.301025190857884040e+00 2.294249075948793237e+00 -1.586168932269071963e-01 -2.232252643421861027e+00 -3.155959952604078911e+00 -1.988194975238936513e+00 2.098746764386718144e+00 7.096992562476451827e-01
-9.620421996747039461e-01 -1.299438327620650035e+00 2.282107660199731658e+00 -1.526987417066555108e-01 -2.236889661660729445e+00 -3.135950009632598068e+00 -1.988622692491377464e+00 2.098464760439471721e+00 7.102980425182086055e-01
-9.619695183469264554e-01 -1.299305955609498797e+00 2.280462608352454179e+00 -1.528244905512477769e-01 -2.237099755035068860e+00 -3.134905977819865797e+00 -1.987805114244212579e+00 2.097552640718130856e+00 7.101175710599270108e-01
-9.618102924214001481e-01 -1.299978044707179370e+00 2.287248498570137567e+00 -1.534970854350295733e-01 -2.236169917683648478e+00 -3.139787690245830820e+00 -1.991249872601762005e+00 2.101396444473149661e+00 7.108726146519370737e-01
-8.746739682511024405e-01 -1.160224709737710941e-01 1.238754595296066796e+00 2.607436474192589282e-01 -2.510176227941976812e+00 1.058422497500015845e-02 -1.104845984127972081e+00 1.285311701856357569e+00 3.033270369464559635e-01
-4.503631452403273894e-01 -6.464957604900845034e-02 -1.492396131056699549e+00 9.288142431124903897e-01 -2.920278028001931148e+00 1.542731257631742015e-01 -8.497263151987116681e-01 6.834739456758721632e-01 6.298424139621894291e-01
-4.667959842254580938e-01 -1.977119928480991717e+00 -4.743831799652052927e-01 -2.665990904506448933e-02 -2.370150051395009783e+00 -7.487485726918702289e-01 -7.601873320535461609e-01 4.986426534347770390e-01 7.426635420664279286e-01
-6.128533264103350753e-01 -6.528556082066847566e-01 5.614220342744404846e-01 3.252569232970441981e-01 -2.614049419166858179e+00 -1.304753961968532217e-01 -4.997236499956830835e-01 2.626364211348592992e-01 5.981597437735164391e-01
-7.887960423939213150e-01 -1.976673524924509540e+00 6.244536657709662819e-01 -9.900266305271898659e-02 -2.361311422107635671e+00 -4.059115991409447677e-01 -5.247906536223591045e-01 1.737270068965844627e-01 7.989535027557772562e-01
-6.557075029763155261e-01 -1.595859456760913453e+00 -7.669960806457143399e-02 7.701786390247877812e-04 -2.383940209181126146e+00 8.091770701873892691e-01 -5.911745970262577421e-01 3.522112743077706054e-01 6.398585190057460848e-01
