3.310073693365056524e-02 -1.152748371909553704e+00 -3.086863756461163399e-01 3.070510740245168679e-01 7.278108170892325091e-02 -2.480392017870610033e+00 6.433719343573482408e-02 -6.195603756385241745e-01 4.512545844489216362e-01 5.412013242035337290e-01
4.311946695241845040e-01 -1.328544593395140083e+00 -4.330459407728791676e-01 1.437041177798476177e+00 -3.621048290000639103e-02 -2.368673726894054532e+00 -4.229133437833861309e-01 -4.911304203527808721e-01 3.124572618818437508e-01 5.017684778156522585e-01
-1.469625332694238506e-01 -2.128422541758827169e+00 -2.295490833531255159e-01 -1.300598360384210839e-01 -1.596806142797624894e-01 -2.326867872341839671e+00 1.766421594631768510e-01 -5.740018814439910022e-01 3.592069564592855757e-01 5.942488464305657470e-01
-9.033063382870021307e-04 -1.258830223720687425e+00 -2.300080351238128484e-01 2.719104400725674830e-02 4.197425553629116624e-02 -2.468105081861282191e+00 1.080339317159413060e-01 -8.626574899951464648e-01 6.043053304150871607e-01 7.742597421488457421e-01
-1.718975085675498171e-01 -3.832796336770805112e-01 -8.905226037766615921e-01 6.501257312001587074e-01 3.775564452972290930e-01 -2.575084637284622335e+00 1.031506039715119227e+00 -5.234279941715397344e-01 4.846523322984330751e-01 3.066935451002076873e-01
7.576019035251510547e-02 -1.446056482086008010e+00 -4.612930589952777272e-01 -7.269881271592715244e-01 -5.271272744838405300e-02 -2.423038781808014352e+00 -1.494151171444146886e-01 -5.147685549380514036e-01 2.815004435072277489e-01 5.984790759745800548e-01
-3.461917310215121835e-01 -7.886764844855864709e-01 3.646390820604787919e-01 1.349187306036928158e+00 5.545727482156938004e-01 -2.733724036037066263e+00 -4.912378153248651014e-01 -5.399956746785091743e-01 5.153543817747335831e-01 2.943548019369500723e-01
-4.341808120150025818e-02 -1.046860856769717518e+00 -1.217413465230984038e+00 -6.128205965411633871e-01 -4.991364619681775555e-02 -2.384100500851767279e+00 -1.750381015588547973e-02 -6.645103405786563222e-01 4.976957350491374443e-01 5.573874354714880575e-01
8.858565624062687549e-01 -3.523306524815162266e+00 -6.393888848554023403e-03 -3.811224589184210032e-01 -2.409069865182611458e-01 -2.267750249994766598e+00 -1.126725178282385054e+00 -1.030056878668410281e-03 -3.303738379346806697e-01 4.994296847734177591e-01
5.307369283452508801e-01 -5.127369532265776408e-01 -8.952418372786344891e-01 1.126314177052815668e-01 2.812372566157048115e-01 -2.547234769886209893e+00 1.935212103525556504e-01 -4.304706041024891627e-01 3.611524224660023208e-01 3.086338707712775187e-01
2.713488691735872482e-01 -2.445396667434617255e-01 -1.168919672447836344e+00 -7.383514275033280505e-01 3.964847180601734911e-01 -2.656627843499108632e+00 -7.858200185137216298e-01 -8.155425488397070044e-01 5.590825856901577851e-01 7.550279436366948982e-01
2.581513116056500801e-01 -1.087365835358564237e+00 -5.674045201210795031e-02 -8.880257909622484291e-01 1.667623969049242538e-01 -2.543797696438458988e+00 -3.803076489154873507e-01 -5.462064635081071984e-01 2.655635839379638652e-01 6.891859815772458653e-01
8.862242045616832709e-01 -3.524832997705662940e+00 -6.471043811647138495e-03 -3.813347050589201426e-01 -2.413398066417828391e-01 -2.267239480443396626e+00 -1.125735450216036604e+00 -9.956518044099821590e-04 -3.305737851839264385e-01 4.996649071125724983e-01
3.726292046694350546e-01 -1.150068424686831348e+00 1.881533433030037339e-02 -7.035972856257413088e-01 1.460150008557156431e-01 -2.537941112377706698e+00 -2.751829864893006738e-01 -5.453805547069396908e-01 2.663338055566726870e-01 6.862041570634442866e-01
-9.816768265269752991e-01 -6.323234296011567279e-01 -7.518124725267322228e-01 6.286861650723735151e-01 2.880122525794195920e-01 -2.626728007506753837e+00 9.950748111801477336e-01 -5.129853866355681413e-01 6.030342101681789302e-01 1.206182484248348452e-01
-4.033318210763996436e-01 -1.230585860500202688e+00 -1.025998011171109781e-01 -7.556639562363780538e-01 7.863986964241309607e-02 -2.496673807997058070e+00 -4.978942638081911842e-01 -6.216802827045095903e-01 4.252673789161871554e-01 5.855432225769251486e-01
-7.271636760049737802e-01 -4.223581534615383215e-01 -8.693927205758261723e-01 -1.002611754744241468e+00 3.592296041776036342e-01 -2.575216008534405354e+00 1.213511615717444148e-02 -5.871742579400124340e-01 4.573981672484027095e-01 4.689869930922930252e-01
4.354683161648337242e-02 -8.922026815996294546e-01 -1.298599388522278852e+00 8.977228072944708481e-01 -2.484181811366031195e-02 -2.370405718037649656e+00 -2.376171251165587472e-01 -6.594889887252379790e-01 4.653139076799863716e-01 5.972422627174053256e-01
-3.219911793313696702e-01 -1.523232234692812881e+00 -4.191868209394389311e-02 -5.986290100565522243e-01 -4.512737722799714524e-02 -2.321890162970153160e+00 -1.814105911678001726e-01 -1.038563630482764566e+00 9.086037265846463873e-01 6.449524184613584232e-01
3.335625671283583560e-01 -1.240416222025771731e+00 3.134343371450527549e-01 8.983179002410023317e-01 1.265871971987368449e-01 -2.479420443938192609e+00 3.278610906790301316e-01 -7.848070507388366090e-01 5.543102494419283044e-01 7.025813183763230940e-01
-6.087095006338499870e-02 -8.284720014281206080e-01 -2.674744097076789950e-01 -8.473909250836834106e-01 2.558165299244298252e-01 -2.502649486731146844e+00 9.241841177868583834e-01 -5.769000268787051189e-01 4.020519685386930719e-01 5.330493181125190993e-01
3.778062413614833304e-01 -4.983761140361514519e-01 8.998724950284930912e-02 5.151506887073759033e-01 8.751051848153360568e-01 -2.854704238180854503e+00 -5.297177534962238532e-01 -6.772212651804964123e-01 6.303521594896098756e-01 3.879181475754002739e-01
4.763564869365680687e-01 -9.386372361919453899e-01 -6.666304585419493556e-01 5.760087665747684049e-01 1.026102051322344416e-01 -2.490775301117039486e+00 2.014021739780130771e-02 -9.726798479582101642e-01 7.474235149621731855e-01 7.596460004856984138e-01
4.533366794726766402e-01 -8.547564719283807788e-01 -3.610864185466954868e-01 8.317704016428102698e-02 2.587386204956954039e-01 -2.626570628180709299e+00 -5.009705140847380278e-01 -7.263339743408545601e-01 5.945129354133191768e-01 5.306572092144089536e-01
-4.543058161263524575e-02 -5.622308087492804418e-01 -1.004163271351153686e+00 3.284535346550503387e-01 2.176757620192394382e-01 -2.537901414293216362e+00 -7.101435511762443920e-02 -7.033357729496991784e-01 4.942031610031816236e-01 6.382140590378252432e-01
-1.021347442970355512e+00 -1.152692832187205640e+00 7.469454458829083432e-01 -2.883634463941719961e-01 2.757286367099226476e-01 -2.585050801629780626e+00 5.098377663127665604e-01 -5.374362817013256244e-01 2.563250669394566694e-01 6.862106460407839670e-01
2.306825355597793004e-01 -9.201812160958937614e-01 -9.871479043832961375e-01 1.033075112263843298e+00 1.680826160507917222e-02 -2.368510272508806302e+00 -1.395533770043484445e-01 -5.799637324921086412e-01 4.233031209419590990e-01 5.063565524471054236e-01
3.730395419517114064e-01 -1.201789835089293268e+00 6.478404502385395336e-01 -7.498982195579213528e-01 2.016232024065511830e-01 -2.502476831341405195e+00 -3.817694932784253536e-01 -7.539531466240974034e-01 5.006617025703217205e-01 7.272354215849625714e-01
1.130408085563903819e+00 -1.485414483108435713e+00 1.634658690290679006e-01 -3.710012991942139404e+00 6.004417664000527566e-02 -2.487083685689260193e+00 -1.518781071872896238e+00 -5.930177359058810271e-01 3.111163350091562529e-01 7.108316663665760204e-01
-1.932819847766158172e-01 -1.549066854086488032e+00 -1.043421745698521752e+00 7.432692239664038247e-01 -1.405026458636272624e-01 -2.322379864537083005e+00 -1.396535380799119874e-01 -6.384330829559339282e-01 5.659954283462066416e-01 4.067271844513367096e-01
5.050997559313694651e-01 -8.709978774719615569e-01 -5.333531409076699425e-01 8.161363172892519557e-01 1.606022151963749367e-01 -2.497123454426402489e+00 7.922062577357761315e-01 -3.102748644208210838e-01 2.249087738564489736e-01 2.763383181356053320e-01
7.184018369007554305e-01 2.261146068093689010e-01 -2.399384084019088093e+00 -2.137451560229363778e+00 8.375469276462556290e-02 -2.446790907509888147e+00 1.053382119190553023e+00 -7.221727439937001281e-01 6.652096193706618088e-01 4.208754005301800216e-01
-1.170565023997961890e-01 -1.567374209949178976e+00 -2.222385904574804005e-01 -8.450252274346875536e-02 -7.468782040180590998e-02 -2.338437333297344267e+00 -2.805906362792367492e-01 -6.029054123886884442e-01 3.908022200274835489e-01 6.020110056108370911e-01
8.896739188057325443e-01 -3.531643799371314341e+00 -5.373487371728227768e-03 -3.839080099240440580e-01 -2.405291905365755378e-01 -2.266478651141414780e+00 -1.119493088799250913e+00 -1.050337046625317901e-03 -3.305726280197705536e-01 4.997776556258799463e-01
-4.932659963923815560e-01 -1.476076905056855182e+00 -4.473536057629834417e-02 5.032737643119132853e-01 -2.839293308510676753e-02 -2.379910765543395534e+00 -1.851013264122430835e-01 -4.883854291447165541e-01 1.357073349190835720e-01 7.855330001212352808e-01
-4.180502723567584011e-01 -8.651470224443006396e-01 -2.040370217914921902e-01 2.391942832483018311e-02 2.699807981727651018e-01 -2.571134768410401339e+00 2.326434456767118020e-01 -5.059593758879062930e-01 4.450182966828338249e-01 3.310847630114921447e-01
8.877130970947935129e-01 -3.529003062380448696e+00 -6.319192522354162046e-03 -3.823255327932668646e-01 -2.417848857713231214e-01 -2.266237013556083646e+00 -1.122473151711499417e+00 -9.761868092834890534e-04 -3.308726671085918669e-01 5.000838689254872849e-01
-7.050024893178773455e-01 -1.470852579456726428e+00 2.934452819846311566e-02 6.833288089761344608e-01 -1.912446566133524373e-02 -2.382688290296018252e+00 3.971047259357979309e-02 -4.929362245195275660e-01 1.390263029185831722e-01 7.897020212455646559e-01
-2.452847503435418020e-02 -1.049907196133172960e+00 -1.472240260934781775e+00 8.225692187995841120e-01 -1.029919781523190164e-01 -2.322986394394593201e+00 -9.069176756107026893e-01 -6.346953861947760567e-01 4.323890793011146427e-01 5.997675356838000349e-01
-1.236770013322169848e-01 -1.048768050779000705e+00 -1.191122409846619989e+00 -5.433373479778706994e-01 -4.738579359915739975e-02 -2.386717705187273442e+00 -5.408082274647187104e-02 -6.535707441249414273e-01 4.937103687733931379e-01 5.423342990168427136e-01
1.029042623177228943e+00 -1.148542500336418470e+00 -3.057638416661067615e-01 7.824500170319934611e-01 7.814087639707867350e-02 -2.491349685851516949e+00 5.909629015434044730e-01 -5.768116087463169839e-01 5.463731754164460330e-01 3.192486149597156264e-01
-9.836440908109101988e-01 -1.685115088912388037e+00 1.260607031946437973e-01 -4.234565832464385338e-01 -8.004978341640166251e-02 -2.271737099106826197e+00 4.294624281603842686e-02 -4.812078170101908858e-01 2.895229909608588725e-01 5.174382393443299755e-01
-3.699555291796443046e-01 -1.351462035192526834e+00 6.779764025492464041e-01 -6.368540147878760660e-01 1.244215041950033351e-01 -2.499703070021758400e+00 -5.796542058747479187e-01 -5.035026810935786523e-01 3.955121667570857813e-01 3.996242946976360511e-01
5.252413588050065529e-01 -1.018810636413510551e+00 -2.001559032448936293e-01 5.925339967507925465e-01 1.648395063201481547e-01 -2.520108979219448209e+00 4.477747610662891620e-01 -5.451376174000442942e-01 3.874125565264949222e-01 4.932659330949096810e-01
4.676491593283291781e-01 -5.291965669262100880e-01 -1.284514213245682601e+00 1.049322142773987609e+00 1.376172106883865598e-01 -2.474333836353419969e+00 4.486058927361620263e-01 -7.198767093382463234e-01 5.981146352230518604e-01 5.128491093189373462e-01
5.075811560125897959e-01 8.765583554202144301e-01 -3.888558450162677982e+00 -5.885335398606565960e-01 -1.392876469388537597e-01 -2.261205798421533242e+00 -6.245691401626127792e-01 -4.917606663017052848e-01 2.596506025704078402e-01 5.861033692730667211e-01
6.308905572116068061e-01 -1.895798685551779661e+00 2.509300465965953464e-01 -8.465930358109896581e-02 -1.062294813327164245e-01 -2.329874029104994637e+00 1.279712637310159717e-02 -5.993547011136374225e-01 3.871435824099608292e-01 6.007047398678858618e-01
9.668290302478343978e-03 -1.125466269899415339e+00 -5.770867502286943784e-01 -6.895891653874204330e-01 1.572584970566512363e-02 -2.398725953624944562e+00 -1.032200371292162355e+00 -7.854820206328023691e-01 5.210724526744450191e-01 7.565945018116351228e-01
-4.375320956898406943e-02 -1.500925488944761632e+00 1.791561782299690542e+00 -9.628064105230011993e-01 1.594079941336884743e-01 -2.545983352657338106e+00 -3.317433088723584222e-01 -6.575166436280962534e-01 4.918331505091381173e-01 5.530566835627238609e-01
-8.634912244662418246e-01 -1.583777717885436642e+00 4.949711203244233637e-02 -7.797536873573324145e-02 -4.892588893795909305e-02 -2.365407634535456882e+00 1.529246307166582941e-01 -4.772738718587909990e-01 4.020453052014385520e-01 3.388231005015224229e-01
-5.289949870492367534e-01 -9.549113733749928778e-01 1.028136746616632458e-01 5.640875989971174675e-01 2.638414950725702646e-01 -2.534407703664369294e+00 -3.571971342963310425e-01 -5.795148068258783036e-01 4.787996299366678588e-01 4.223990285033479841e-01
2.274965896464014037e-01 -2.295373033807010632e+00 7.596260678784561016e-01 -7.672142115137917662e-01 -1.272328045854461964e-01 -2.409715316854826206e+00 -1.953625110607428716e-01 -7.643927528552025841e-01 5.597072028808302013e-01 6.550308199638945617e-01
-2.106073184581689350e-01 -7.708840233556537580e-01 7.566520494762390969e-04 7.626477176930157587e-01 4.267335270239980827e-01 -2.656767925149498666e+00 -1.189947766259754347e-01 -5.357496818614110312e-01 5.081993181491839540e-01 2.964294746824800986e-01
2.021614754321056917e-01 -9.554504443663924818e-01 -9.675725913739383621e-01 5.977792191000157462e-01 2.093864325884789435e-02 -2.440774551453507968e+00 -6.371575824849291525e-01 -7.108936977004400859e-01 4.878675075616537016e-01 6.628886034681545913e-01
-1.826930434392375346e-01 -5.783273104360522332e-01 -9.422079991278214939e-01 3.127488031629148679e-01 2.199514626302868370e-01 -2.509848574218483286e+00 4.239864971775028635e-01 -8.412306738924490990e-01 6.587112684532665519e-01 6.499199191064990444e-01
-1.388948234986069341e+00 -9.074800450269435714e-01 3.334111186438137864e-02 -8.058004759827920305e-01 3.251750204754708107e-01 -2.623930967706350703e+00 1.669529737507091660e-02 -5.900517500598958520e-01 3.348922660641665550e-01 6.659733706044934642e-01
7.978935654486934981e-02 -9.874596470221153055e-03 -1.801010327745573125e+00 -2.380496693050412615e-01 2.187119403486817715e-01 -2.515648184585089542e+00 1.944501093128261582e+00 -4.777477140116657695e-01 2.430237724824202694e-01 5.844055677694580675e-01
-4.515607658443571149e-01 -1.249468459668408915e+00 -9.626970523485658404e-01 1.687718124825510202e-01 -6.815296892013139596e-02 -2.378151777457443217e+00 1.541658118244022546e-01 -7.077409018298289611e-01 5.597722461598980681e-01 5.466335854879715850e-01
-3.114469935267100142e-01 -8.748499815356705067e-01 -1.629510292558629114e+00 -6.019224669807942130e-01 -7.760166691414252527e-02 -2.341993276964368320e+00 -6.994779300238935793e-01 -6.026416650633381611e-01 4.407172441313492173e-01 5.241091690111139290e-01
-3.719932297059233561e-01 -9.939226817510710132e-01 -8.960700389953466516e-01 1.014965488584379516e+00 1.573285232307736203e-02 -2.405323528448572556e+00 -3.380765956998199595e-02 -5.897574445875296556e-01 4.898849353279630114e-01 4.255340211143619489e-01
-1.748698918499053123e-01 -1.453435850552869280e+00 -1.641855896810890947e-01 -1.000432103765052094e-01 -3.222001297664423003e-02 -2.371666554610338817e+00 1.924151524947793068e-01 -5.607547310046472333e-01 3.440940992382938157e-01 5.915452908013776323e-01
-2.525849903955005860e-01 -8.256107719681754498e-01 -4.969100500979671819e-01 5.673913671163368644e-01 2.174601653501300469e-01 -2.551852015345499325e+00 6.439375851108442017e-01 -7.640680140556785904e-01 6.556956246975209623e-01 5.116448663903175875e-01
3.832905705932533325e-01 6.053121029938324932e-02 -3.261923999384422346e-01 4.065711335140645977e-01 3.432173686590044070e+00 -3.316253237013224275e+00 1.064981665324720161e+00 -9.814574903850175058e-01 4.957287404564386657e-01 1.215284368519445657e+00
3.480966629450999994e-01 -1.450323581662582351e+00 2.755975865233196931e+00 -1.165717687737388708e+00 2.006069269717004888e-01 -2.502539389481066134e+00 -1.180882871446930160e+00 -5.853725925632314864e-01 2.160102563936278919e-01 8.570953246017949390e-01
-2.063407809957309713e-01 -5.776882911919376529e-01 -9.211684680288489968e-01 2.916622434984619261e-01 2.450233577590334444e-01 -2.563648557618055435e+00 5.935383011457818769e-01 -6.111303290581355796e-01 4.849779281288893462e-01 4.739534589320939517e-01
-8.884852560766456353e-01 -4.989802779039703706e-02 -3.013669491305420500e+00 -8.956478388608752894e-01 -1.040651508499193523e-01 -2.394132080629867154e+00 -8.052301534064493227e-01 -6.686913375730445530e-01 3.716624967305449667e-01 7.664324356969327567e-01
-1.807193047341084102e-01 -5.710907770386649540e-01 -9.356289248008536896e-01 3.051595981022809934e-01 2.447738863608091842e-01 -2.562250639119084017e+00 5.795591529473478332e-01 -6.102587262682285241e-01 4.844214283033123625e-01 4.731088026412235692e-01
2.133531389872346806e-01 -1.174325904649459185e+00 -6.559567648297947029e-01 4.228943803933984391e-01 -1.339277489011349298e-02 -2.389588136192338119e+00 -4.170479072592818692e-01 -4.219620270980307675e-01 2.995562191645672057e-01 3.843069665899407905e-01
2.220785316024179168e-01 -1.226345401964303417e+00 -5.828235274059588855e-01 5.525179734879623883e-01 -2.176767001725343764e-02 -2.382456555585828806e+00 -4.397077719153753561e-01 -4.133028292965588157e-01 2.925821429842971333e-01 3.777717127993943103e-01
1.321975360182677806e-01 -1.112385254729365558e+00 -3.639572908134340867e-01 -9.837711215070003012e-01 1.054720219978976248e-01 -2.555763794714577486e+00 5.964914601296888996e-04 -6.097214951474506650e-01 3.543854176622013852e-01 6.744192234559807098e-01
1.380747811513322321e-01 -1.089202223840073230e-01 -1.003737055986253290e+00 9.574535167189051066e-01 5.960266660602805411e-01 -2.698810742488038539e+00 -5.466794819925346882e-03 -4.464839291730108295e-01 3.859904521998733240e-01 3.031186760191106333e-01
1.980232909581024492e-01 -7.064496073269690424e-01 -7.036853854938185382e-01 -2.963179949491592247e-01 2.395274089883234203e-01 -2.574345060980182787e+00 5.544357314188115282e-01 -4.922721123132644538e-01 3.008371586020774369e-01 5.224442184284773250e-01
2.608280601105994467e-01 -1.294686644291679345e+00 -6.563715722667251562e-02 6.272088151953471025e-01 3.453567819635772196e-02 -2.403781359139769869e+00 4.254926339925658718e-01 -6.830771019963215451e-01 6.424231719891332348e-01 3.810591537408345442e-01
-5.123200247603132418e-02 -1.539961062448998774e+00 1.862968027055415421e+00 -1.036676448633191860e+00 1.428386418686899417e-01 -2.538618036536938849e+00 -3.386671508742296055e-01 -6.518241043678514313e-01 4.870563181313772860e-01 5.493152421880901359e-01
6.358493948082376557e-01 -1.918342075681848335e+00 2.905576874221742489e-01 -5.578833968401594734e-02 -1.071364290212088177e-01 -2.329998067838542575e+00 1.264086297694477778e-02 -6.008583728737277863e-01 3.883890379047885699e-01 6.017422751729271102e-01
8.797208174901589850e-02 -1.222926349006285385e+00 -7.792203925976431966e-01 4.003998939380222777e-01 -5.581016437749003467e-02 -2.310585374812050841e+00 -3.545272367130573032e-01 -5.276580964999896262e-01 3.115833231837811801e-01 5.762740722703355578e-01
-1.824686777632947843e-01 -5.761395960723894039e-01 -9.451387483330213612e-01 3.131390413180870080e-01 2.201359419121331207e-01 -2.509996118583600389e+00 4.229371996749947682e-01 -8.410496711048853768e-01 6.585602526757816655e-01 6.498079498738701387e-01
9.711934890211204596e-01 -5.283667472140927135e-01 -8.750029659202651633e-01 -7.613712706633599669e-01 2.723521936585595604e-01 -2.531786928087697230e+00 -5.032177318289611234e-01 -6.936015556128061199e-01 5.037438374207854341e-01 6.044162171365505820e-01
-7.307111753666053477e-01 -3.274104388872535409e+00 6.227584775096257630e-01 2.185388952350973302e+00 -2.011664207611089938e-01 -2.287034678866497028e+00 1.877096626489160869e-01 -7.614713571583765495e-01 4.114378311599700133e-01 8.912059693786728021e-01
4.366592318875887058e-01 -1.323313132495415267e+00 -4.555212328685207535e-01 1.430120516781979045e+00 -3.723912937149888303e-02 -2.370365933438414174e+00 -4.436182447997164546e-01 -4.836868983455573923e-01 3.022787076797618377e-01 5.027398953598184450e-01
-4.357429400184043011e-01 -1.517437442954753912e+00 2.152596960349808519e-01 -1.128018889899378152e-01 -1.434543075474357596e-02 -2.396738542521306581e+00 -4.948373798378604693e-01 -4.477172348934090884e-01 3.599405456112358404e-01 3.440032951314491161e-01
-3.508941437391462914e-01 -1.218234647469075949e+00 -1.471355160471502499e+00 -8.542535763143477290e-02 -1.310669308910778486e-01 -2.350619183477462570e+00 -1.137721490934261892e+00 -1.028886873793317225e+00 6.310310111277738221e-01 1.056706223316725479e+00
-1.003618778555674051e+00 -1.492043660073214317e+00 -6.011065198194054382e-01 -9.964857930559347654e-01 -3.761978958901725512e-01 -2.166446580298433400e+00 -5.532540982081493475e+00 -6.580421928639417217e-01 4.858809070509017558e-01 5.635454411759190929e-01
-6.168629858427819856e-01 -2.430122691555333114e-01 -2.736823005139966014e+00 8.383085952048989764e-01 -9.624897018505824964e-02 -2.358302580769258583e+00 1.757977581088265850e-02 -5.017691281584603091e-01 4.070110896705871895e-01 3.789328726540757142e-01
-2.118030491871232823e-01 -1.826500265715434779e+00 1.656239638348864229e-01 -1.006942661796337291e-01 -1.044073667256510962e-01 -2.340455235512209686e+00 -7.895142395038172722e-01 -6.146556376901723961e-01 3.978324964340346215e-01 6.143933983758633754e-01
3.073744692603812001e-01 -2.519111436432409090e-01 -1.222973560557681694e+00 3.001492044320647756e-01 3.523114375071325077e-01 -2.611485697804757589e+00 1.048378555519685063e-01 -8.154943800857161751e-01 6.968626767435197600e-01 5.469345448252543873e-01
7.693793834168074497e-01 -1.054577210427465106e+00 -1.411530422368019400e+00 -2.967622253398096710e-01 -1.228987553068259242e-01 -2.320116352456349507e+00 -2.045080933722343453e+00 -5.655825727097787414e-01 2.361286886306066535e-01 7.792563792487557928e-01
-1.173410626080315211e+00 -5.507912344069390009e-01 -3.946578172072098822e-01 3.299533471256231865e-01 4.780826994251129447e-01 -2.652646054027085309e+00 -1.351237424937086207e-01 -6.220781856864493475e-01 4.771273862985697112e-01 5.068776869787269268e-01
-3.935166360119063400e-04 -1.287980218530816234e+00 2.306251448077736299e-01 -2.082313019329299630e-01 8.826646838205082224e-02 -2.466881731799805522e+00 -6.027176949377621717e-01 -6.760494238886826102e-01 4.293503997962491159e-01 6.868680158322282292e-01
-1.174752942687208451e-01 -6.113269769060800662e-01 -6.288645693994650010e-01 4.314280669767786014e-01 3.258442218854539218e-01 -2.591064067397462090e+00 2.474143897187532914e-01 -6.079021456978367377e-01 4.634217876423076254e-01 5.001021862357757364e-01
-1.957291374274069962e-01 -7.793406586433605510e-01 -1.219333840297049720e+00 2.073579384167949791e-01 4.050102955237176727e-02 -2.438621198397696421e+00 -1.848784078130701336e-01 -6.503876184320253051e-01 4.747721516000008579e-01 5.650782284142328304e-01
-4.229417618694625292e-01 -1.475389304572774840e+00 1.429903787824515771e-01 -1.070746049873731731e-01 -5.033528947555265809e-03 -2.411381063100489275e+00 -4.127653377980221583e-01 -4.569507659561040658e-01 3.635527521474691826e-01 3.566458966076240800e-01
2.504923500298112948e-01 -8.040865243505619375e-01 -1.589850700883368662e+00 2.844406133829555650e-01 -4.998071662925704373e-02 -2.346384069321957533e+00 3.792870845586193695e-01 -4.504238371225558479e-01 3.904768854398749101e-01 3.038442160638775702e-01
-2.619672095596455863e-01 -1.072023208292202323e+00 -6.026356522024118867e-01 3.770477946391372348e-01 1.941099165416759753e-02 -2.422962973719574364e+00 -1.774222878378635126e+00 -6.605206237962160110e-01 4.800326142519499850e-01 5.767820565290636692e-01
-3.307747206897267978e-01 -4.279066313786598075e-01 -9.108080608659770983e-01 4.476566770745095125e-01 3.396108069372754112e-01 -2.570689722694560420e+00 4.505327478157717946e-01 -6.070662913020270501e-01 4.774165784596234863e-01 4.773448807142131600e-01
4.578022719189037137e-01 -7.034268039655473537e-01 -4.699683595014514381e-01 2.152862741722507689e-01 3.259814122329407482e-01 -2.621473458367707288e+00 1.073093170531360940e-01 -6.785128946750829115e-01 5.245926891767139777e-01 5.439076550228539864e-01
-9.761814160884568770e-01 -1.201709095122123427e+00 -2.317621316973215162e+00 -6.884260938680224484e-01 -1.869243412405082183e-01 -2.188357336103605277e+00 9.638049712238377920e-02 -9.568360315689479201e-01 8.120123399685648113e-01 6.364990015947197266e-01
-1.596145884764704204e-01 -6.401086875290102896e-01 -6.428024967466281492e-01 -1.212996690152620682e-01 3.069127101353665288e-01 -2.608597190837437463e+00 -5.913500353313764224e-01 -6.152616485994081286e-01 4.909595652902058460e-01 4.730645855914388798e-01
-2.749592804181393846e-01 -1.063707666264290586e+00 -5.916285476946976374e-01 6.457913587985983916e-01 4.764643305629646941e-02 -2.434256712310749471e+00 -2.883687412583152421e-01 -6.246454397430697414e-01 4.278154669007389055e-01 5.872318700255021451e-01
-1.580525442544299386e-01 -1.066775933496532991e+00 -1.006870806649148298e+00 -3.555853476672965474e-01 -3.533166338792011890e-02 -2.343848873828016988e+00 -2.467041826826205653e-01 -6.979052269687533450e-01 6.796872900115067395e-01 3.563269065934432933e-01
5.303387385412994259e-01 -3.966364819848524625e-01 -6.764578039198707593e-01 1.651703033913340946e-01 5.238367195066044868e-01 -2.707613802521998014e+00 2.880851058234866757e-01 -3.963431250221753355e-01 8.291647408642566219e-02 6.766713567775617388e-01
-2.146288192558667984e-01 -8.575003865964286875e-01 -7.540174287949317211e-01 1.776636747577455822e-01 1.138370207489074887e-01 -2.472927201340705317e+00 -5.073627033026445465e-01 -7.866226591067718710e-01 5.946149997670581167e-01 6.439070693063890793e-01
1.284654677371162457e+00 -1.609518256611804699e+00 4.126656705183742169e-01 7.347804420477876963e-01 -1.882496542188244470e-02 -2.410327177556839562e+00 -1.888496949561591087e-02 -6.960301058585381950e-01 4.513005017856743240e-01 6.914630502178451543e-01
-1.535445637613405412e-01 -3.766877751299312349e-01 -8.547966671126795424e-01 4.363411682834599237e-01 4.056104188696014190e-01 -2.593053068237736181e+00 1.247566294718306379e+00 -5.681205760316427877e-01 3.870933921909434083e-01 5.389701195928051636e-01
-1.806432520890003113e-01 -9.436484736015181563e-01 1.388206312753543337e+00 -1.064666339898013847e+00 7.095940050524220943e-01 -2.858142903785394484e+00 9.452644954803988142e-01 -5.358293568564487241e-01 5.650545648243531227e-01 2.163496005702154890e-01
-8.978008140330328013e-01 -1.585092966994603669e+00 4.496492341467320797e-01 -2.006649604476817284e-01 2.778845656136955805e-03 -2.450431556439365721e+00 3.844871718147362394e-01 -5.438024406077797135e-01 4.839957023399266145e-01 3.465856494943503896e-01
-3.765169042782338105e-01 -5.274838413015390248e-01 -1.156050528550961243e+00 9.983629669360490066e-02 1.695638781442994625e-01 -2.471037870805813164e+00 2.137442001412537818e-01 -6.123370693962482125e-01 4.958676713800239111e-01 4.598466487922640011e-01
3.801386282773150382e-01 -1.770309580437206876e+00 -8.912361740649293873e-02 -4.510673243921226594e-01 -1.040269465425653211e-01 -2.348112045747167365e+00 -4.338198929522487646e-01 -6.035581793046471688e-01 3.874976168479603023e-01 6.086061159394059450e-01
-1.294965540032882445e-01 -1.153476039291307931e+00 -5.074887532660325995e-01 1.288998729203911231e-01 4.266110320231092379e-02 -2.483315678517041381e+00 3.610804110217261664e-01 -5.051315320203129122e-01 3.604853689381967152e-01 4.557967613060709411e-01
6.374727486321176695e-01 -1.926531024936212422e+00 2.860018100033469013e-01 -7.115220854421119845e-02 -1.099287526519897862e-01 -2.327870236249497626e+00 -8.545471790467384920e-03 -6.009673105293167339e-01 3.883240584568601883e-01 6.020561755010467309e-01
2.312698878948574177e-01 -1.408711070241287722e+00 -4.940273175300650133e-01 -3.571683448583401477e-01 -5.658783896692990562e-02 -2.371679291476596063e+00 -5.838720196147658553e-02 -5.982125361611490000e-01 3.886877928804130522e-01 5.960736864166462645e-01
3.885017107198569797e-02 -2.009244194281672780e+00 -7.816578558855460379e-01 -5.930963592027781450e-01 -1.805898281599276900e-01 -2.324174108196488842e+00 -6.720046080212119799e-01 -4.477342330942289950e-01 2.317409986131730160e-01 5.411832816230217613e-01
1.008841256741685316e-01 -2.840096544993285788e-01 -1.495057557052311470e+00 8.944626443490073520e-01 2.173226946540559035e-01 -2.568618560163986153e+00 -1.717437553607255030e-01 -7.026198696296035440e-01 5.560185091510110311e-01 5.427189535014699251e-01
6.608488715448870843e-02 -1.128609181758690294e+00 -8.619056069917711005e-01 3.667861579305167208e-01 -1.901711860634419660e-02 -2.406381429658306814e+00 2.947349405046050252e-01 -6.423699318590531115e-01 4.769316210164572523e-01 5.461953207154417456e-01
3.032690594685978347e-01 -1.921178382680507113e+00 1.250389079253058089e-01 -2.425558988591103304e-01 -1.167843634263861230e-01 -2.353811429812664002e+00 -4.119743225055129132e-01 -6.170221576691902188e-01 4.007597328044002483e-01 6.145316080672168502e-01
-3.080302937143640785e-01 -1.838943991645670906e+00 7.655052612493260522e-01 1.180047019990985380e+00 -6.065664626484154609e-02 -2.379381577271904469e+00 -3.354531266962479386e-01 -1.089964807473666975e+00 8.762258061891285976e-01 7.790520794234402358e-01
-1.581358085639681388e-01 -6.497603099314839259e-01 -6.096357778654126758e-01 -1.330697745353273675e-01 3.116494119718424827e-01 -2.611237078420717950e+00 -6.183611664809303132e-01 -6.181915282662953093e-01 4.939355397385351010e-01 4.742519511119575037e-01
8.510966619670429223e-02 -1.902899752129131095e+00 2.071273257427436176e-01 -2.994449554329869922e-03 -1.153083679832212216e-01 -2.324102780766879928e+00 -5.854152153042262441e-01 -6.096465181862930072e-01 3.916511850867266942e-01 6.141260240829666817e-01
5.298973988834331239e-01 -4.281663505830133332e-01 -1.253423364592552769e+00 4.793308550183668082e-01 1.981441235475068785e-01 -2.497962452073892781e+00 4.240847516959798114e-01 -3.809987841818480159e-01 1.794860467919738578e-01 4.878463122163846921e-01
-3.783193495664528561e-01 -1.216066250409578497e+00 -2.476849353281436739e-01 4.060572768841889113e-01 3.820928136225749949e-02 -2.404562110291072585e+00 -3.601392092870805972e-02 -6.052868216008108204e-01 4.048626489518937777e-01 5.847213509055919634e-01
2.254286151321114318e-01 -3.691194864962641375e-01 -1.673457680491988508e+00 6.375033852207601104e-02 5.998870251129190256e-02 -2.349679613974421155e+00 -7.085990567165385556e-01 -5.684869022225560453e-01 2.501461737475261238e-01 7.611804722633249698e-01
2.363830610575652358e-01 -9.285914545934229603e-01 -9.660927355391248916e-01 1.044240083811043940e+00 1.856430167221889693e-02 -2.369178497242554915e+00 -1.422066009150508847e-01 -5.843820129560677312e-01 4.277929944753401936e-01 5.081372188594275308e-01
-9.246539788473666366e-03 -1.358288030056252316e+00 1.700326479454710160e-01 -4.301019674352603017e-01 5.607723667281305779e-02 -2.468994975158627092e+00 -2.840236255285723543e-01 -7.223855973341861691e-01 5.031466030412719004e-01 6.614460926164996701e-01
-2.724934136398635687e-01 -8.110439069283608138e-01 -2.610980047536000104e-01 1.711538433518859925e-01 3.348988615078792308e-01 -2.666176771898101538e+00 6.361537977286598755e-01 -7.278554971063213586e-01 4.323165895962788885e-01 7.869120640528478594e-01
7.207615385841531497e-01 -3.461487185421534551e+00 8.758880181809206578e-01 -1.205756422771550040e+00 -1.897384074289404088e-01 -2.305248683940634535e+00 1.130450657736483677e+00 -6.592583839673732404e-01 5.566560854962342431e-01 4.594421790813427164e-01
-1.108705691312323327e-01 -1.036247944592796788e+00 5.597291263682604434e-01 -8.419481604298992838e-01 3.538440460767138251e-01 -2.640385175639973880e+00 4.606156112465723540e-01 -6.951797274701931872e-01 4.043932978818312596e-01 7.665093547936586704e-01
-7.184774385001113650e-02 -1.687392288944582486e+00 -1.483960061599766123e-01 -3.420082385906061395e-01 -8.269543325209562090e-02 -2.414536871700416309e+00 -2.037012012542114281e-01 -5.291770288853755444e-01 3.968953720589416534e-01 4.475952838417495139e-01
-2.620055497991183868e-01 -1.160111797986200122e+00 -7.990526791899590364e-01 4.767591873425744975e-01 -3.867679548963964820e-02 -2.327728539850431932e+00 -6.309740244836475886e-02 -2.860504655659148465e-01 5.082346599276583998e-02 4.962378497642903619e-01
1.317001747972129655e-01 4.591148490345327016e-01 -1.590376655130991024e+00 -2.267052341607655563e+00 7.900054900340159891e-01 -2.917461747440749154e+00 -1.062626925228437269e+00 -4.633972110141277856e-01 3.340461391854149253e-01 4.142680546419308940e-01
5.901702319831618748e-01 7.215206615156164460e-01 -1.280818363460616505e+00 -1.464381966659634715e+00 1.792340515220192554e+00 -3.156073117367081959e+00 3.566325023912394698e+00 -8.225165794454425416e-01 7.472255949137169839e-01 4.898320651357552236e-01
-3.824344091008646807e-02 -1.119496366762673167e+00 -3.009040937244620295e-01 5.283977610858052731e-01 8.864499206202459958e-02 -2.485699158067038450e+00 -3.943027867046991486e-02 -5.412926266965558675e-01 3.657590038202792049e-01 5.190291685859759196e-01
-1.755580952586650589e-01 -8.530681008880067751e-01 -3.650785942733105194e-01 -8.111414182108591664e-01 2.398673062734114070e-01 -2.570734744305379849e+00 -2.978502711020440397e-01 -6.505267297323479303e-01 5.572316337921062734e-01 4.424306078920128837e-01
3.698427534978649955e-01 -7.274589618583853223e-01 -3.036074458368354101e-01 4.468414105250952950e-01 3.180060210754186434e-01 -2.539566052174119459e+00 -3.145890639490653840e-01 -4.752699603649211957e-01 2.704461511790972605e-01 5.357851762187214595e-01
1.442638652704481550e-01 -6.764703854458815613e-01 -6.712278093606026674e-01 -7.932090700868410504e-02 2.947473895456501625e-01 -2.643224509482846152e+00 7.570272735834042699e-01 -5.708042706266611699e-01 4.391445734537856582e-01 4.650432361938263703e-01
-9.871782797208882021e-02 -2.507083713891496313e+00 -5.431642335716655445e-01 6.424157740704565800e-01 -1.963743291814704917e-01 -2.292432795450100258e+00 3.390439843313761692e-01 -7.401726261044646593e-01 4.519141553141346468e-01 7.788291927528113723e-01
1.194696819627707463e-01 -1.212583606633977906e+00 -5.366390757077066365e-02 6.521815748457424622e-01 7.650132666784500990e-02 -2.430309428146451456e+00 4.627115757861356427e-01 -7.669375805510630917e-01 5.556355671482824388e-01 6.659211179219673982e-01
2.854043186153931710e-02 -8.617757797720573265e-01 2.759869491720668422e-01 3.861860812373468232e-01 4.480963369464538437e-01 -2.697112649950148100e+00 -5.226279424152697750e-01 -7.068661729571513730e-01 5.218165641121792486e-01 6.027655712489683459e-01
-9.221500076403826851e-02 -2.499798392583310491e+00 -5.515441844705920582e-01 6.316189835944389097e-01 -1.947035651974751980e-01 -2.292955889294498117e+00 3.514246308442411926e-01 -7.408159270998212476e-01 4.528015163392718478e-01 7.786693266214038678e-01
8.212063466820114233e-01 1.818388339518619556e-01 -2.591812067975133971e+00 -2.249124206191074116e+00 1.633360250639448452e-02 -2.401237941884292404e+00 1.165381313979034772e+00 -6.933836333308346367e-01 6.401332830897715764e-01 4.031980315714915886e-01
-7.422854050425224948e-01 3.992073088838684058e-01 -9.110537281038533219e-01 6.808786415385759128e-02 2.363693430049728761e+00 -3.252044330599443533e+00 1.523880829208487775e+00 -4.442210215268594942e-01 1.570663199330014359e-01 6.568211373286376720e-01
-3.065428848939447670e-01 -6.804900970605279875e-01 -1.725698871541135881e-01 5.446213009685996198e-01 4.481333418278249936e-01 -2.653038336822480581e+00 -5.203487819437384587e-01 -7.261290986908935929e-01 4.177609291533065927e-01 8.075402233730745172e-01
-5.488493148207032046e-01 -2.603277362699706110e+00 -1.412658703711552555e+00 6.513998484670038280e-01 -2.168052327764622422e-01 -2.186812806288862099e+00 7.202999761337013362e-01 -9.483122183694202567e-01 8.085743912692490154e-01 6.263333859936517367e-01
1.442783817345933972e-01 -2.010333636461832274e+00 1.338882502423310861e-03 3.053698716344598330e-01 -1.332903851684031082e-01 -2.351456480405190508e+00 4.274038338390504510e-01 -5.616146053219954748e-01 3.735518114928437772e-01 5.470845721156294417e-01
-2.237394230232525594e-01 -1.121668216023626652e+00 -9.795469854599735404e-01 8.394347942654801775e-01 -4.081829184638606500e-02 -2.380424073593808032e+00 1.702769139027803247e-01 -3.905545037272932785e-01 2.181888063836091574e-01 4.466511059678437423e-01
-7.946727530164834352e-01 -5.227486478811237403e-01 -3.976766642633591253e-01 4.030301715610599134e-01 5.231073415389667636e-01 -2.690943370524490952e+00 3.037854138871290410e-02 -6.534873712450002259e-01 5.000249097135245346e-01 5.329442605800087662e-01
-1.703720538182882382e+00 -1.356421028758213021e+00 -1.371237253300877867e+00 7.028787562696767743e-01 -2.008470506442923131e-01 -2.285363053868246563e+00 -2.506955322151527721e+00 -6.413194423325828675e-01 2.760715300573725051e-01 8.727862002789020801e-01
5.347298326257796663e-01 -7.042723795892688043e-01 -6.448901170990757326e-01 9.192920544419127538e-01 2.399700154354872383e-01 -2.541465219443092671e+00 -3.403658460906444083e-01 -6.416371388728475678e-01 5.765897993882145300e-01 3.976681079151252463e-01
6.147051055587715584e-01 -1.268819706336129727e+00 2.427564562975153550e-01 -2.108459026337684339e+00 1.257558440841186620e-01 -2.496817441793836689e+00 -7.267882591865310049e-01 -6.432074949193506974e-01 3.876208362729355872e-01 6.881607370358935327e-01
1.531557050047875346e-01 -1.639742892395470886e+00 1.279820501563485591e-01 -9.359328927143640842e-01 -5.675347911953824986e-02 -2.340634699394418039e+00 -2.179236261674594166e-01 -6.152059688593134457e-01 3.914531621984420062e-01 6.254818002031820035e-01
-7.415775028387835976e-02 -1.016181381594227773e+00 -5.652734118799631613e-01 -7.931626597115726263e-02 7.761077925709233827e-02 -2.440538773457189503e+00 2.948480696504273135e-01 -7.270505724566300731e-01 5.339162598453197628e-01 6.226293928325051796e-01
-1.797168103841671472e-01 -7.254161541074561903e-01 -8.499655029689581198e-01 9.369539773137081085e-01 1.668338104042287606e-01 -2.510358294526792822e+00 2.191298812465394819e-01 -5.610919216397423082e-01 4.263818886643848671e-01 4.651688435513802178e-01
-5.565661449651244652e-01 -1.257973540880064522e+00 1.170133344815154963e+00 7.496460292981974582e-01 2.574515524483060869e-01 -2.595560701731613573e+00 1.153294235627730924e-01 -5.767133201260281616e-01 4.754225773704938152e-01 4.222226933372676405e-01
3.209241577570161597e-01 -1.802663686489764938e-01 -1.306071426485954534e+00 -1.013025881136469408e+00 3.749615153671462808e-01 -2.655811306564908048e+00 -1.195558351401750929e+00 -7.834328484363702882e-01 5.156777441652607985e-01 7.616845067216460041e-01
-4.019250250569716965e-02 -9.338536545980468118e-01 -2.539239164703540386e+00 4.182655784912930885e-01 -1.731932799242175136e-01 -2.327459324509299599e+00 -1.724304387438633235e-01 -5.556186144761141588e-01 4.142955458617838538e-01 4.727075503282311963e-01
8.279572883630763602e-01 -1.745492919536968834e+00 4.133472380932996515e-01 -6.591858559414390251e-02 -6.483242461534224899e-02 -2.340598705842047433e+00 -2.794095888719365650e-01 -8.318082403717823592e-01 5.862478330490303868e-01 7.429892517318641421e-01
1.497748097897146691e+00 -2.156908392098896066e+00 2.829524369061686695e-01 2.318156846553722783e+00 -1.598380280508161777e-01 -2.240494794057121375e+00 -6.214934923715869086e-01 -4.786438166209748268e-01 2.472309678778411290e-01 5.792166105321936431e-01
-2.886153339322357625e-01 -2.027977226785882880e+00 -1.143486696158172444e+00 -1.456039997359417582e+00 -1.850822457135434529e-01 -2.322660136052737023e+00 2.234334195954823521e-02 -6.076181646801057656e-01 3.729070391510493909e-01 6.399777730041158463e-01
1.379149183434986159e-01 -1.000863607375241493e+00 -1.074030739076914820e+00 3.298858615394629767e-01 -2.181517973041995073e-02 -2.356089535199128893e+00 3.316743897478620084e-01 -5.429865362488902614e-01 3.767924451570924815e-01 5.050670655857200098e-01
-3.773027559758813654e-01 -1.224286921647417703e+00 2.992320344655911013e-01 9.548225629285300720e-02 1.501991681361035669e-01 -2.532026091297791215e+00 -1.085264920499407065e-01 -6.851185693221324424e-01 3.876479888701605536e-01 7.736607531514452241e-01
-3.557711025313248787e-01 -7.999965574900717025e-01 2.657166424367977606e-02 -3.904284364735028934e-01 3.876901284520619662e-01 -2.604006440362249819e+00 4.143987377152154039e-01 -4.659739802741583725e-01 3.427971346365948357e-01 4.056200526560556074e-01
-3.346130993903972395e-01 -2.604832393115342981e+00 -3.027143547978107252e-01 5.937908035042012145e-01 -2.186723363173774248e-01 -2.230852347664078472e+00 -1.313911869130020227e+00 -7.237399044902605993e-01 6.635411803156752164e-01 4.260004332372957503e-01
1.329521524931083776e-01 -9.658815956799218228e-01 -7.078057142811133851e-02 -6.236369703635012973e-01 2.245818196376841991e-01 -2.528290282195758021e+00 -3.522543291215792793e-01 -6.954172928874853277e-01 5.779807170061436183e-01 4.965267643605991710e-01
2.922727372527945677e-01 -5.302169174321380574e-01 -1.262164498122420042e+00 7.297608054357040963e-01 1.191753849476149818e-01 -2.421361840631707896e+00 -7.664308919387923247e-01 -6.392079867448154928e-01 4.006022346754537500e-01 6.589523796971070713e-01
-3.922301144336581835e-01 -3.154936214061900834e+00 -4.217612094275410839e-01 -3.609510239035368384e-01 -2.155564145854031444e-01 -2.314981651339320656e+00 -4.206083306212061723e-01 -6.863918611518279311e-01 4.099968282195263769e-01 7.390666987407570332e-01
-2.238380967207165839e-01 -7.458821546250156143e-01 -8.592446154268164049e-01 6.517734672242370131e-01 1.440303413152399237e-01 -2.482200459836165773e+00 8.861867402313178266e-03 -4.903055455662169715e-01 3.372955761207595549e-01 4.618788346959810664e-01
7.629391891247052637e-01 -4.212394173220928906e+00 1.479028465997906938e+00 -1.594259569661968801e+00 -1.922571691014548501e-01 -2.258114250101795228e+00 1.422484392039519374e+00 -6.442334188892737679e-01 5.279235554584315038e-01 4.730255907695046780e-01
2.235141575383453594e-01 -1.009490979623927753e+00 -1.887616375988601991e+00 -4.672889942280245013e-01 -1.295266346397962454e-01 -2.353821515893824490e+00 -3.960863384594712766e-01 -6.556680088656138272e-01 5.086321395839483728e-01 5.238740988814197808e-01
1.682337228828695019e-01 -2.391594197001743360e+00 -5.229929292160295784e-01 -7.204756699461465352e-01 -2.224445523422378113e-01 -2.240256228882711032e+00 -1.695376505482503404e+00 -5.918213349153368386e-01 5.391954212480200015e-01 3.575361721703921858e-01
-3.805193583432113225e-01 -1.021987761689086005e+00 5.793417582166402457e-01 4.016509859225886880e-01 3.472441544257457435e-01 -2.617727844188589614e+00 -1.407775788366374958e-01 -5.255093793718728090e-01 4.150059442827645495e-01 4.133030743342010482e-01
8.920645561514258803e-01 -1.608620361584436997e+00 -6.087482403786592666e-01 -2.733117988604468973e+00 -9.066943465586699280e-02 -2.409290003182620765e+00 -8.045012913386915265e-01 -6.397217179948097021e-01 5.594925893162696617e-01 4.187178325474839591e-01
4.740698457136416910e-01 -1.199415377517123016e+00 -9.202028815501098746e-01 -9.787634245875391770e-01 -4.271227720343226397e-02 -2.436355018059916500e+00 -3.475532056033323602e-01 -5.937872910721775366e-01 3.367452453580621619e-01 6.704294947111054670e-01
-6.586632212291709809e-02 -9.820516211665382134e-01 -5.687549058371259569e-01 2.913109376244959470e-01 9.873683239141889390e-02 -2.475694894233670951e+00 2.832549991341859474e-02 -5.850054981965014944e-01 4.359491406141999814e-01 4.971915764652176106e-01
2.100516254120965431e-02 -1.777077449871131032e+00 -1.697660089183128385e-02 -3.504911456006677972e-01 -1.026824388766645058e-01 -2.340252287021518107e+00 -4.992172972896048999e-01 -5.428679247198653357e-01 3.647353526284185521e-01 5.235446961694941725e-01
-3.375422141599653258e-01 -7.775707508600174789e-01 -1.433691502508677162e+00 6.473581376041409596e-01 -3.296839534074491596e-02 -2.358506194292471214e+00 -1.509959757682277637e+00 -7.469882155909568500e-01 4.929873632369857206e-01 7.256708118206901537e-01
1.153657440008347690e-01 -8.624954005199962914e-01 -1.132718356085018030e+00 1.319164392422292886e-01 2.976001659786374487e-02 -2.462795818370015599e+00 -7.225611666873819061e-01 -7.268773620088506693e-01 4.678924164569870925e-01 7.263739418183478014e-01
8.922751684347490775e-02 -4.923850058447497569e-01 -1.196472510500075304e+00 1.613301815058338085e-01 1.855752024426841340e-01 -2.501120394055194041e+00 -1.910583627294250852e-01 -8.135175929813344142e-01 7.565776259211681731e-01 4.595579433420362570e-01
-1.205331876529422697e-01 -9.767812012886698536e-01 -1.323031873013619908e+00 -4.966117954024016345e-01 -4.581056891143792803e-02 -2.385040826192708963e+00 1.705685643023469034e-02 -6.481102094324887597e-01 4.761695570289651291e-01 5.584623342364122278e-01
1.555520662955458544e-01 -1.194169686534845232e+00 -5.223413431170554899e-01 3.210708504014064824e-01 -3.866828010075873401e-03 -2.371869995005656317e+00 -2.504803992009656533e-01 -4.692813703166856532e-01 4.664343180850666348e-01 2.295917163353691226e-01
5.898516913978492093e-01 -9.806485574963977880e-01 -1.081808320493446773e+00 1.403371215643331560e+00 -1.448064642960411597e-02 -2.408113473833083606e+00 -8.200298603224738248e-01 -7.138214821528654497e-01 4.824144875574091218e-01 6.771851956035561670e-01
2.099608053356021853e-01 -1.874751187138455677e+00 -1.076492571618152372e+00 -3.747320589374857347e-01 -1.754256801315219882e-01 -2.289688519953009926e+00 6.708793012787923615e-01 -5.884404195980562635e-01 4.370857452511267005e-01 5.019286254928023716e-01
3.758084002143592395e-01 -9.451403675575924535e-01 -6.053800248115193128e-01 1.602436498444146373e-01 1.096112513619174056e-01 -2.480977870791147843e+00 3.883815298812046124e-01 -5.456680562022839798e-01 3.879554803992257828e-01 4.934244041961755034e-01
2.872504396865669385e-01 -1.823547623584184318e+00 -3.318387217373683917e-01 -1.008777414633850178e+00 -1.311546610253653267e-01 -2.313090219934598402e+00 9.214947431193578620e-01 -2.842549727765388279e-01 2.975716967771604993e-01 1.171850586572600328e-01
-4.873839667812316367e-01 -8.685593012940873159e-01 1.700363663772865852e-01 8.630280199663236118e-01 3.449293136649574931e-01 -2.558774413655226621e+00 -7.706682911004252290e-01 -5.304761239285689101e-01 3.959074053492102063e-01 4.515595720908043287e-01
-4.019428455588567872e-01 -3.851942480453308670e-01 -2.231020323551258677e+00 -4.043924773979852283e-01 -4.017997649474647215e-02 -2.395782286513681303e+00 2.167661348469359095e-01 -5.132719046580371813e-01 2.975322371635972796e-01 5.697473906532164456e-01
-1.429109754529023668e+00 -1.678981885284823949e+00 -4.689790689375340493e-01 -2.327149030543139041e+00 -9.494626551468762776e-02 -2.304184794313713258e+00 2.110293150405380569e+00 -6.129721833136849707e-01 4.001212327681684666e-01 6.072375674561771852e-01
-1.344735308493805181e-01 -2.690100394162875386e-01 -1.029665986611674855e+00 -4.916177110752433244e-01 3.863113182275447199e-01 -2.559240237992900457e+00 -9.870706837383648180e-01 -6.387968313507000895e-01 5.751994641468753944e-01 3.942323693568138276e-01
3.318437309402788582e-01 -2.065922350510647654e+00 -8.349572291657614276e-02 -7.813960407687137177e-01 -1.437109057645761523e-01 -2.287001297708136427e+00 7.984813913467203594e-01 -7.095501175330408694e-01 6.556334564623363947e-01 4.110720314117288776e-01
7.255367087766635414e-01 -3.461683644620678013e+00 8.726230416005611445e-01 -1.226049967834978549e+00 -1.903735476916942615e-01 -2.305396834083467184e+00 1.122481146192349843e+00 -6.594080980641831014e-01 5.566585032772722874e-01 4.597199155742668353e-01
-1.602392177403211826e-01 -2.098965078736644507e+00 -1.204188844360312594e+00 -1.401716541265405347e+00 -1.948884531191563685e-01 -2.325761963599256354e+00 -1.975645984433024860e-01 -5.856836918180581275e-01 3.562799216956799020e-01 6.224220774659390276e-01
-9.180017696170392205e-02 -8.797725970330769751e-01 -2.499341511823237605e-01 -8.802176703547670567e-01 2.272201871847852050e-01 -2.495224226300111425e+00 7.798166318947663544e-01 -5.797509851711466489e-01 4.031766947722305594e-01 5.369409001918485913e-01
-2.352819034450087388e-01 1.332043451655606434e-02 -1.699048693004262534e+00 4.592090570245658254e-01 3.281638602078402189e-01 -2.656036477179521960e+00 1.249277720581698503e+00 -6.826556113417530103e-01 3.461118823823745583e-01 8.391058872111016864e-01
-2.133673203810204644e-02 -8.471602562515458956e-01 -1.113699704675432667e+00 1.090812701413736319e+00 4.120285362809936180e-02 -2.451034546518823909e+00 9.721723487570150812e-01 -5.309113907461970872e-01 4.486816967547443413e-01 3.735510013108758187e-01
-2.241830369195330075e-01 -8.354164292827791494e-01 -5.937890631270945629e-01 -9.309145091548717832e-03 1.668083873728919975e-01 -2.497001273864627446e+00 -3.958100815151787133e-01 -6.858357689502101451e-01 5.408197002774582929e-01 5.333545236229834119e-01
4.088173564703545537e-01 6.147972505728835912e-01 -1.263190817047296965e+00 -4.632227593793851739e-01 1.608708581819084049e+00 -3.119309911176647354e+00 8.800153175540614825e-01 -4.611983864861890492e-01 3.163557098769835818e-01 4.373148678972478276e-01
6.107407616733855349e-01 -1.127719738736664201e+00 -8.600555221901460268e-01 2.332204735398942241e-01 -3.817276287146678659e-02 -2.375381408567330155e+00 -1.193473981125265482e+00 -6.475563544919875625e-01 3.517802447059897308e-01 7.558405783150139445e-01
4.176373189942850228e-02 -1.114520919496057250e+00 -2.502828748079676480e+00 -4.886700466891610306e-01 -1.854370292946380117e-01 -2.240366505095764627e+00 1.078922139346248699e+00 -6.531303962963754817e-01 6.165255105737191821e-01 3.619256857774563740e-01
9.437186784733658795e-02 -9.687931622684777810e-01 -6.461945179801891204e-01 -5.734424755454674560e-01 8.636258543286987055e-02 -2.463616226625410910e+00 1.288685321028908981e-01 -5.696613472936099543e-01 4.307027744189020901e-01 4.752524414347101822e-01
1.130080728393632050e+00 -7.000867190291921727e-01 -2.709714417858143376e-01 9.226691753450673161e-01 3.702914102431743570e-01 -2.585107066587917224e+00 1.859763919268952570e+00 -5.500323438117407093e-01 4.888535282329641851e-01 3.513223567221059329e-01
-2.698112052832286611e-01 -1.324163668640894187e+00 -2.843451069790093322e-01 1.902778415317042615e+00 -1.387872758378499993e-02 -2.341406484042512393e+00 4.168457586464588416e-01 -1.043667782919632137e+00 8.137934640122809204e-01 7.883718897753201338e-01
2.644195334103596196e-01 -7.715068103382787257e-01 -1.273729371679540812e+00 3.857571080082756731e-01 2.849935375399082968e-02 -2.403457593166195672e+00 5.304704897952692288e-01 -6.904797803142421753e-01 5.122823996724961138e-01 5.851942285363807006e-01
-3.702129687729294738e-01 -1.255934768740795349e+00 7.787343890265743251e-01 -1.163114960217049632e+00 2.166716490918766391e-01 -2.559249462158324828e+00 4.557678511585483427e-01 -1.043894255772025437e+00 9.665927579040580753e-01 5.774426453080393484e-01
4.062171831027973079e-01 -7.829395059867072515e-01 -1.267393885700474732e+00 3.751073729826590597e-01 2.465812580859535336e-02 -2.401691076571937700e+00 5.162835400930373408e-01 -6.932381575178092614e-01 5.115482851337326275e-01 5.916339617119280581e-01
5.973177160037068667e-02 -8.747239002672608787e-01 -7.408779375486507224e-01 1.389438041066355378e-01 1.246377392470156831e-01 -2.530829619284392873e+00 -4.917176538475395153e-01 -5.994140609239849704e-01 4.049179224703648439e-01 5.733333002924813071e-01
5.511696811788422412e-01 -1.149225245764115444e+00 -8.076851131242579473e-02 -1.420108210047606789e+00 1.191845931726570745e-01 -2.483216598693818611e+00 -2.685828579942039496e-01 -6.260895128657602005e-01 3.938622824594382732e-01 6.436521044942369318e-01
5.299281458757038044e-01 -1.004240701873625019e+00 -2.118542523932244459e-01 5.994405278532096704e-01 1.710600537567874835e-01 -2.524226723845572895e+00 4.630597214601490652e-01 -5.446465510248987840e-01 3.880256174614464815e-01 4.913656091487038635e-01
-1.074008750049040839e-02 -5.573452017858623320e-01 -1.007279445157642561e+00 -5.221003661790427630e-01 2.496764509434142298e-01 -2.617609739500079691e+00 -1.474271026557884556e-01 -5.086407459497842565e-01 3.780445561673833055e-01 4.361349303281291667e-01
-2.242078942146470966e-01 -8.631414673642825441e-01 -2.653962380098133789e-01 1.535575267793760634e-01 2.479613666552120677e-01 -2.565191412738779153e+00 -9.694045246584312991e-01 -6.386616831991431820e-01 6.428267601615591520e-01 2.989875359049390946e-01
-4.809842222687510382e-02 -1.492964849265368432e+00 1.623532691427035379e+00 2.144131612744379911e+00 1.331874459826524748e-01 -2.498677339586204305e+00 2.508821513936005942e+00 -6.662765003913175832e-01 4.893336856238424959e-01 5.736771613548999893e-01
-3.107037921760762988e-01 -1.170426022749692763e+00 -6.848972495181638864e-01 1.909355061945502974e-01 -7.579968065393959641e-04 -2.433892789685703217e+00 3.278723105718944208e-01 -6.607686254885001276e-01 4.989274525614414424e-01 5.484003288704686341e-01
2.247760563219864949e-01 -3.684033963669146594e-01 -1.673506075225592360e+00 6.224900497680585509e-02 6.043880917522365115e-02 -2.350101384201392030e+00 -7.076435202071025277e-01 -5.684039296912162254e-01 2.501019899465363183e-01 7.610809765771197055e-01
-7.949912033650556875e-01 -1.427159384624949068e+00 1.454291009908998955e-01 -1.029327421236953810e-01 2.380990212744950318e-02 -2.450796767341368199e+00 3.152781696912972387e-01 -5.573500205698919130e-01 4.898574138443334003e-01 3.638496086839949628e-01
1.686336304927872898e-01 -9.662880477955295699e-01 -2.712028766295482285e-02 1.075374671066605892e+00 2.438333305522933647e-01 -2.558462516329702119e+00 7.921156498210346619e-01 -6.971788063858916917e-01 4.707898958266061307e-01 6.629074302479467384e-01
4.152552758162646462e-01 -7.447570021973144438e-01 -3.076776243371831532e-01 3.499752725516700469e-01 3.468456904836502153e-01 -2.633788195279358924e+00 -2.183291679892125914e-01 -3.646827921849423726e-01 2.770715295979604975e-01 3.055195464530929272e-01
-4.355724829634428641e-01 -1.055835203296436209e+00 1.955275937358462723e-01 -5.075528879898851820e-01 2.125061507338032452e-01 -2.495648810517389293e+00 -3.257722431591275614e-01 -8.015842435939345423e-01 5.397358955937688885e-01 7.583053960482974976e-01
2.908263639908597042e-01 -1.222998644380469457e+00 6.205043539850013667e-01 7.340693756609527609e-01 1.904145142463642415e-01 -2.554957722570255996e+00 -1.115109277346872041e+00 -4.341867490280046371e-01 2.267269972784400345e-01 5.217948319789383893e-01
4.353036188602837919e-02 -1.113446736190679465e+00 -2.504658104461257029e+00 -4.892850730807334347e-01 -1.852587159611473466e-01 -2.240501551096342858e+00 1.080352275918721627e+00 -6.527873510009374325e-01 6.160917682189681610e-01 3.619016312702340588e-01
9.605057438182812435e-02 -5.389519992932708670e-01 -4.411755101654769584e-01 -2.317554121872125450e-01 5.037871377380320759e-01 -2.707747727133380522e+00 1.717840469273223536e-01 -6.666077646774863918e-01 5.550861861679498022e-01 4.760625942037653435e-01
-5.837221126748574074e-01 -1.045549304996817586e-01 -2.540068287090989418e+00 4.172798727896581683e-01 -2.232033355251368881e-02 -2.472005031064804292e+00 -1.901167842441296441e-01 -4.392020485327465251e-01 2.957737321514947171e-01 4.244295761237895648e-01
3.236281447263971156e-01 -1.241412758477793421e+00 -7.743973839433225814e-01 -2.234356342011895036e-01 -5.331132710151631482e-02 -2.380620494981918522e+00 -7.956993509048552182e-01 -4.019807222424945370e-01 2.794063324826581152e-01 3.754284348043033792e-01
3.190370167025351478e-01 5.767738481134119244e-01 -1.559965196085994155e+00 4.189793701035003926e-01 8.852059159572500668e-01 -2.870371366442009631e+00 -4.212603180186609286e-01 -8.720473131049626403e-01 7.458831389683285851e-01 5.798698817105552017e-01
-1.511436952476006290e-01 -5.823066648328221184e-01 -1.061235965949050009e+00 1.664778297532708562e-01 1.962825922811969326e-01 -2.544284672771385036e+00 6.887160690569675836e-01 -5.523032968070494819e-01 4.310067510824863724e-01 4.412064561915552408e-01
6.658971189111730915e-01 -1.041853737553675163e-01 -1.711492514123671871e+00 9.723125168933165474e-01 2.262552282549859517e-01 -2.555496258731674075e+00 1.200527238507594241e+00 -6.990730650283093484e-01 6.772057063116038167e-01 3.621442912798031322e-01
-1.630480222589295869e-01 -1.061637325501815665e+00 -1.011600269957213305e+00 -3.527838909609078977e-01 -3.523793769808326870e-02 -2.343863896936705160e+00 -2.518533613527654813e-01 -6.977652591998972920e-01 6.799786974686112817e-01 3.556677633559643947e-01
-6.208261205099622204e-01 -3.001353112675577695e-01 -3.583712106198234659e-01 -3.415542231146675434e-01 8.805175436216953200e-01 -2.845380125589306530e+00 3.026751295737156178e-01 -6.361526304154612177e-01 5.539497308076035686e-01 4.204394819596660171e-01
9.930773821534326362e-02 -2.451925838973159522e+00 7.566544813227367439e-02 5.635017262649325565e-01 -1.741161898785464623e-01 -2.354267662870166422e+00 1.222340678536417702e+00 -3.227574180025283845e-01 2.349146526716510974e-01 2.859953595699039064e-01
-4.023302995364819168e-02 -2.992465250443446578e+00 6.735796613515842024e-01 1.880533809617547902e+00 -1.930129905920589528e-01 -2.227435010286978656e+00 9.097078212034441780e-01 -5.380678930459020792e-01 2.932754780047437393e-01 6.266022020981621976e-01
1.525223058504040496e-01 -1.176616071878157754e+00 1.363264132729518630e-01 4.495608314590949228e-01 1.471584557400488213e-01 -2.531261169446196835e+00 1.745172274980209826e-02 -6.025480134747359662e-01 4.234442134896004850e-01 5.507339384997325116e-01
-2.510151471377763399e-01 -1.514100285105811627e+00 -1.380136606300124802e+00 -8.754432764374978637e-01 -1.984772434954977793e-01 -2.240688552195861494e+00 -1.944607458127651345e+00 -6.625936342827751790e-01 4.716850717934573112e-01 5.933848558014007679e-01
1.879617477540975745e-01 -1.270124284460001807e+00 -7.860152249772414113e-01 -4.247070494697292586e-01 -4.749049042036782714e-02 -2.405642730149130326e+00 2.115451661699327690e-01 -5.792415558139621945e-01 4.002260766409806991e-01 5.406050618072720804e-01
1.583440391039816486e-01 -1.158153634520239672e+00 4.891201471142070378e-01 -1.521960706001927122e+00 2.253740671688164721e-01 -2.546149663209445801e+00 -8.417872127749219668e-01 -6.506332455848882201e-01 3.894968284428125815e-01 7.002062141585857491e-01
6.196184713888824858e-02 -1.187273657683153072e+00 8.110162847726926083e-01 -8.594027832359856234e-01 2.724507385174073093e-01 -2.617838022349233906e+00 -1.148508260336711384e+00 -6.751122612893150077e-01 4.103999500794191513e-01 7.159607892909826132e-01
-4.464784964175313453e-01 -2.276804491579802470e+00 -8.560138269727293192e-01 1.752194810935132629e-01 -2.066742671042867963e-01 -2.257435459778309284e+00 -8.797373140564038740e-01 -9.356533678319147729e-01 8.485951040253844058e-01 5.492497254220994884e-01
4.142172915067124372e-01 -6.049007533845613960e-01 -1.141946929159376456e+00 2.636026999542033789e-01 1.473955717944402943e-01 -2.505855860920324751e+00 -4.904383076970741939e-02 -5.898049411232049177e-01 3.957426127621489487e-01 5.684726262428152488e-01
-1.773724269468562875e-01 -6.415148138313644388e-01 -6.376615432611038026e-01 -1.429877294868172610e-01 3.068462466096840702e-01 -2.607288263974792297e+00 -5.876660718383888149e-01 -6.152443982767142883e-01 4.902123978994040732e-01 4.741405058430831487e-01
-5.165742676481750451e-01 -1.195192596715978217e+00 -9.044273359757381003e-01 1.742872344994778944e+00 -5.209998427328784570e-02 -2.352244563397236643e+00 3.435833545620609608e-01 -7.419640229562529665e-01 4.705341219473021530e-01 7.518836545885955180e-01
-2.482127242460781258e-02 4.467599584617398811e-02 -2.502867066907523697e+00 3.780383691249483924e+00 -9.262632862193212469e-03 -2.350063012807493745e+00 -7.828719359067277672e-01 -5.954166567482592765e-01 4.073936089785343273e-01 5.611228311723055473e-01
-2.869375537514619046e-01 -1.655135747645582578e+00 -6.255913070089540451e-01 -1.182516083152117536e-01 -1.144830224281944420e-01 -2.363924096548382092e+00 2.072493198091997502e-01 -9.637223373674328464e-01 5.384035310793460205e-01 1.089781623719481729e+00
5.097119078142524629e-01 -6.069944004070453314e-01 -1.291473869534423002e+00 1.136969340917353577e+00 6.951730541286561815e-02 -2.390133176327664533e+00 -1.054862974340770032e+00 -6.407813283728849285e-01 3.966200688733507729e-01 6.684795399212747347e-01
-4.504288569716237700e-01 -1.230834909759305429e+00 -8.150508213183752515e-01 1.545185809747184891e+00 -4.891756198384417109e-02 -2.354850254607821380e+00 3.093933595372511114e-01 -7.382284086096283504e-01 4.656007421427058590e-01 7.524504814159063137e-01
2.166664012467301170e-01 -1.171896565897295073e+00 4.972936740364336528e-01 -1.639851538457437252e+00 2.244852144140658257e-01 -2.553662899079235604e+00 -7.246999048218291106e-01 -6.557425048916235566e-01 3.965193869829204409e-01 6.991545455148279187e-01
-9.491212586128394690e-01 -3.636194584616928016e-01 -8.789772883965283334e-01 -1.302522322097739327e+00 3.945049629025693116e-01 -2.574321532323571748e+00 7.837323536708229454e-02 -5.797630317549817835e-01 4.472456855314937973e-01 4.698584010063727723e-01
4.931455828518407913e-01 -8.809570399142335750e-01 -1.127196214279253983e+00 4.443312833040867771e-01 1.791848216381433656e-02 -2.410441112217151183e+00 3.364300174808111388e-01 -7.065265362517405556e-01 5.211572762623560839e-01 6.026116959631049319e-01
9.025087832728141413e-01 -1.527468446543554847e+00 -8.707245277682262863e-02 -1.557217831482160530e-02 -4.834193394811614475e-02 -2.428749499857656424e+00 -1.105184985876874748e+00 -4.496565467077317524e-01 1.935685200814957485e-01 6.065556350924290463e-01
-4.064077858345760963e-01 -1.549166017893900626e+00 -6.485807982412112871e-01 -4.708132556354799325e-02 -1.059704892415214011e-01 -2.362866537551591151e+00 -2.623129530939040110e-01 -5.417647718878032537e-01 4.334689694053005526e-01 4.169971633253540255e-01
-3.765230181019120770e-01 -1.221183275959004222e+00 2.838434941943336343e-01 8.816689953973955163e-02 1.490376214594016369e-01 -2.531775792959955140e+00 -1.017446335842988048e-01 -6.830832261927347604e-01 3.866752529936277050e-01 7.710998112127276372e-01
8.336087896618133986e-01 -1.452386624331837295e-01 -2.673312941438308332e+00 1.785781332231913821e+00 -7.241178754166738285e-02 -2.347208115813730789e+00 2.408086459812313063e-01 -4.382286867560822863e-01 1.900725731708410304e-01 5.882545463245997253e-01
5.677671367948234904e-01 -1.377621185216138855e+00 4.316148148727334544e-01 -1.760266169645263723e+00 9.936984426729164599e-02 -2.494509823079934296e+00 -4.163205029591839912e-01 -6.612254241889448103e-01 3.796928648913424076e-01 7.377789422140594855e-01
4.362709366876982298e-02 -3.266782987802134830e-01 -1.929209305108718464e+00 -1.107877497540266098e-01 2.310971819692916179e-02 -2.365963157185103860e+00 -5.703589463339593379e-01 -8.797197534750845760e-01 5.606903756029093522e-01 8.781421085587108877e-01
5.835877242851750246e-01 -2.527878546099987744e+00 4.747227449797136178e-01 3.525014215116941685e+00 -3.606308276407410029e-01 -2.173898944591240667e+00 -3.921002644023175332e+00 -5.525419223671051983e-01 2.764497466058546959e-01 6.844184777323613078e-01
-3.771602962191750175e-01 -1.239987368783962429e+00 3.016378147269752619e-01 1.228619818880707371e-01 1.380189126096021401e-01 -2.522465565512467478e+00 -1.512323694820259523e-01 -6.860028210949927763e-01 3.875644242495740466e-01 7.755946926244742246e-01
-8.039009822218525780e-01 -1.428909841097531164e+00 1.482202881576142328e-01 -1.066478629477756179e-01 2.356136608314074454e-02 -2.450956044333877148e+00 3.165819709605135479e-01 -5.568090501206000020e-01 4.898250495774672530e-01 3.628665271223924238e-01
-1.299143880305614340e-01 -5.821647578886601782e-01 -1.256015166932088256e+00 -7.846995666034922712e-02 1.435219441103898208e-01 -2.547434775827297937e+00 5.557131402426876976e-01 -5.280776294815276994e-01 3.842802380128642059e-01 4.646613395144097436e-01
4.575885496125796648e-01 1.476797495224158041e-02 -2.280892738261960595e+00 2.638960329793929027e-01 5.939464793558796307e-02 -2.425552245495135040e+00 7.672078116336071840e-01 -6.601306793690898678e-01 3.854910426466843787e-01 7.257385167363084033e-01
-4.647795112874653078e-02 -5.433848868264746779e-01 -6.225935949176319983e-01 -2.301106923560758410e-01 3.958769422258737736e-01 -2.638699677900115947e+00 -8.066536359751730334e-02 -6.346278569956490534e-01 5.200230319647480837e-01 4.669167420589830364e-01
9.207127535611292490e-02 -5.671120643948153184e-01 -2.142536048735187215e+00 9.196127874129542690e-01 -8.486728891147328480e-02 -2.317961210955813200e+00 -5.902712768300831803e-01 -6.167565842219597805e-01 5.483070322048381184e-01 3.913711965648625224e-01
-5.835577791947055282e-01 -3.050379577168861545e+00 -3.922714074032939147e-01 1.152210647117517306e+00 -2.725635760621882286e-01 -2.232300792760196551e+00 -2.324177550672756887e+00 -6.741623649887875658e-01 6.017476808100865604e-01 4.222500551964215032e-01
1.384189210927890268e-01 -1.157817851936105313e+00 3.380668167584515715e-01 -1.462860183666913505e+00 1.958145168166046390e-01 -2.530777988068708240e+00 -8.036067457830176064e-01 -6.465216586709182645e-01 3.852376982352737067e-01 6.987890744996443360e-01
1.634821884770346345e-01 -1.159090536534552296e+00 3.357944141103880176e-01 -1.489352077187617196e+00 1.936797601295385252e-01 -2.529901049254488665e+00 -7.842583360290547034e-01 -6.469464144907007830e-01 3.861018729035665120e-01 6.982369255196578806e-01
2.378359353119598452e-01 -3.501436246002630481e-01 -1.017810242840075485e+00 -6.301775154486872754e-01 3.536091169419889324e-01 -2.591050770614537146e+00 -1.071016914057427050e+00 -4.800906902411780641e-01 1.201511655076503704e-01 7.945875070041240606e-01
-3.405279987277516351e-01 -9.315033788861117880e-01 1.305067619659861178e+00 -1.276068713861344017e+00 6.408773603276023412e-01 -2.753616338667964847e+00 3.062758659830464136e+00 -6.970958689823637533e-01 3.942622180822177858e-01 7.874306755350306553e-01
-1.395738067205165578e-03 -1.286579039708461547e+00 2.322106599883554945e-01 -2.152145343450768689e-01 8.943472947769239012e-02 -2.467496986562152550e+00 -6.046410921980577280e-01 -6.758151697896962462e-01 4.289826685603869705e-01 6.869910548855380217e-01
-3.719941505302796214e-01 -4.078034380068218390e-02 -2.683781096360768448e+00 -2.500613237437868674e-01 -3.752299526280455932e-02 -2.418147029290638184e+00 3.069338054913418823e+00 -5.146503196965558358e-01 4.686306914915499000e-01 3.131878649052277086e-01
1.210369071665379215e-01 -9.605098345653061420e-01 -1.233319143191976774e+00 2.635516878108158378e-01 -3.826283571068557487e-02 -2.338952995813583513e+00 3.895440257287587915e-01 -5.377895033110084988e-01 3.738014110871529794e-01 4.993807375821137651e-01
-2.292392731120116434e-01 -1.446988518048101691e+00 -9.625573391328474671e-01 1.105922460614226388e+00 -1.243244822501431424e-01 -2.292135845624811541e+00 -4.121337546666425933e-01 -6.358179744743925887e-01 3.753991635520105286e-01 6.927093495635648912e-01
3.371571765346031979e-01 -9.240991070259683138e-01 -9.241755234877988556e-01 1.416329905397199773e-02 5.103747991304209697e-02 -2.469395456348753459e+00 4.319552568558060468e-02 -5.025056312484780241e-01 3.223900552930882846e-01 5.092084482495878861e-01
3.124364100157239754e-01 -1.012045754820455778e+00 -1.306705398687447950e+00 -1.418496204614416722e-02 -5.673298201491892845e-02 -2.386440320498399714e+00 -2.435745557276615680e-01 -6.284012756879741035e-01 4.561211992947618588e-01 5.508450147587881096e-01
2.866022091669675476e-01 -7.127654574586470559e-01 -3.605748044404135655e-01 1.846813059553996439e+00 2.950112515616819531e-01 -2.503050245217024461e+00 3.849914206137463601e-01 -4.724758787464247156e-01 5.189914829484638670e-01 1.609098302867710828e-01
-3.099097473597985930e-01 -9.541290304177507675e-01 -4.887519103066622073e-01 -1.551257272429547474e+00 1.424261507942712057e-01 -2.516264738278534363e+00 -2.883855962082728652e-01 -5.657223676071075902e-01 5.056445411623706754e-01 3.568594600627389979e-01
-4.507907942344522301e-01 -7.507561067807004829e-01 -2.581118366488462934e-01 1.579173350317616631e+00 3.296510653121059176e-01 -2.570747022402779525e+00 -2.380566958145386991e-01 -5.750902379723479285e-01 2.505034349887538259e-01 7.750688590675293144e-01
2.899674017995377273e-01 -1.643664053435530015e+00 -7.721850517666475344e-01 -1.907365591846835184e-01 -1.345124532780521964e-01 -2.332329381823708747e+00 -4.564412079322126559e-01 -9.319286420656479608e-01 6.435578184445150951e-01 8.446543925675134012e-01
2.035745376891963665e-01 -1.684997088950459521e-01 -9.825072075756912104e-01 1.014283869341379152e+00 5.336427843015116856e-01 -2.658196780906903367e+00 -1.725099450505931942e-01 -4.502253977068950141e-01 3.622705181176450462e-01 3.455235332397915693e-01
-3.168246097299276531e-01 -7.953994289035157816e-01 -8.230150987446311905e-01 2.671499198993855795e-01 1.313857652883154981e-01 -2.474730028709267948e+00 8.507431146558835922e-01 -6.399029958989682632e-01 4.480533824951989375e-01 5.857633472815290121e-01
2.556808937867035558e-01 -2.443914477440972011e+00 4.485636576699279843e+00 -6.979453284794875367e-01 -1.058708455134708404e-01 -2.360391174477604270e+00 2.294537814847133483e-01 -6.837561763951359728e-01 4.944776498158882094e-01 5.995521496536964090e-01
-3.799843440429686581e-01 -7.630748815813548358e-02 -2.669993153763990712e+00 -2.382152536338526527e-01 -4.350101389720301137e-02 -2.413588724065901303e+00 3.135330847532312504e+00 -5.047108686507193465e-01 4.560072485831265232e-01 3.125275073122794067e-01
-5.202708433270566424e-01 -1.681596488992148419e+00 -3.257710563186569264e+00 -1.225006139744468925e-01 -2.522412783037080164e-01 -2.291527964554522345e+00 -1.407951984194583339e+00 -5.446678606373066556e-01 3.618953153489674612e-01 5.316517537871856547e-01
3.332802851891286111e-01 -9.230122902783749472e-01 -3.904883167457240400e-02 -1.817964552169611392e-01 2.414288327549672653e-01 -2.487804218727923899e+00 2.781013399596011793e-01 -7.132524371754017656e-01 5.497898318240856952e-01 5.719759718634214174e-01
7.722442207864437247e-01 -1.306855017145250208e+00 -3.272079664502715035e-01 2.328348402467828926e+00 -2.451758007682135893e-02 -2.294871805962346301e+00 1.571049073382603911e+00 -4.236451907809573036e-01 2.414980545092055286e-01 4.766872081708010689e-01
-8.368283777501495102e-01 -1.478949850169060776e+00 2.217239529070699211e-01 -1.104659925224960038e-01 1.426625831108196268e-02 -2.449820799798520188e+00 3.169428491679722737e-01 -5.485152088566892514e-01 4.876994134701900241e-01 3.501635890384789396e-01
7.314313685472052518e-01 -7.698829933473678722e-01 5.852154845248480619e-02 1.138946715996264292e+00 4.280842644113427298e-01 -2.642869761213352042e+00 -1.546455984839755216e+00 -5.352678271583725111e-01 4.228095920326007673e-01 4.206117835706873476e-01
-7.642455202196912767e-01 -1.429638644405472281e+00 9.194295522256412667e-02 -1.146957781385704589e-01 1.637505612154022128e-02 -2.446932376540694509e+00 2.735951075310625313e-01 -5.600302396274202676e-01 4.904853288649461129e-01 3.680421945882431656e-01
-2.444991905654068653e-01 -1.403757235166114059e+00 -5.392881643347288145e-01 1.597642955433704604e+00 -7.065870730795018040e-02 -2.300313031184173962e+00 5.398099605142006596e-02 -9.326742357397046490e-01 7.700209393578414385e-01 6.535272261972453478e-01
4.537498966373603171e-01 -1.344384203391561838e+00 -3.797863508955863221e-01 1.587209749272458836e+00 -3.193796402257412237e-02 -2.377911624406697566e+00 -4.586512500041719509e-01 -4.847195580262319003e-01 3.055073346482079510e-01 4.998002740905455044e-01
4.950641112803120247e-01 -3.483337082578625843e-01 -5.743673281995509416e-01 6.130597309664196359e-01 6.340149535090642274e-01 -2.740941752697308775e+00 -1.031031328003571446e+00 -8.066980429368746375e-01 7.005979296782119947e-01 5.258263595764978149e-01
-4.308941641297803216e-04 -1.287711552469502863e+00 2.304212030046502990e-01 -2.082190583091875213e-01 8.845382395308570844e-02 -2.467010632611224885e+00 -6.027079390518694790e-01 -6.760763576114697804e-01 4.293828327497778430e-01 6.868701537616819230e-01
6.907887021845793285e-01 -1.927601934709143094e+00 3.031283832377371645e-01 -1.348979795190632935e-02 -1.092763140302505653e-01 -2.328571532314420267e+00 -4.887192842216468713e-02 -5.998803059942539040e-01 3.872579323481079583e-01 6.015740219616070306e-01
-8.464104976140732206e-02 -6.699156466979481195e-01 -1.417712259537253772e+00 7.657260618399752694e-02 4.110807136647587345e-02 -2.440078936276497412e+00 2.057961827658282283e-01 -6.475884393828925667e-01 5.804363641423135878e-01 4.032135341870876633e-01
-8.487091394532195188e-02 -9.164112306607996583e-01 -7.231929102398766407e-01 -1.448733712630517756e-02 7.849251841168133903e-02 -2.424607545404245723e+00 -5.698011402526028668e-01 -5.467307003811388011e-01 2.156765334117556054e-01 7.739034222055024559e-01
-6.070062605417568813e-01 -1.179899585094627668e+00 -7.112073265219132079e-02 7.940359078391006076e-01 8.135058839958603238e-02 -2.447096589098885389e+00 -9.373046508618698702e-01 -6.768998531777264960e-01 4.548780684111420891e-01 6.479057185623607884e-01
1.570828480323194221e-03 -1.014383656551249624e+00 -1.365056656082457298e+00 2.373494457627139953e-01 -5.603644378296887552e-02 -2.425108772423193670e+00 1.775286638557865837e-02 -5.595591987031988124e-01 3.765424395769617627e-01 5.384991062170305653e-01
-5.283668598108061110e-01 -4.747283674324390135e-01 -2.307908282406221645e-01 4.517314865881385533e-01 7.151261717500554393e-01 -2.806076308865650404e+00 1.135736508267509715e-01 -6.836713138855629035e-01 5.404206952558809895e-01 5.303161147883921345e-01
2.906113104636159905e-01 -1.477731764326215780e+00 -3.590201071986182102e-01 -6.009078663198885728e-03 -6.917469148862291639e-02 -2.342061816502241545e+00 -4.979007536869931583e-01 -4.460735240618682873e-01 1.847134479055436707e-01 6.132366438711169820e-01
-2.703926578047576856e-01 -1.747244152401015160e+00 1.205538777718852400e-01 1.191202248545293774e+00 -8.562079884272866259e-02 -2.316626799172380569e+00 7.349849813314048852e-01 -6.474769044831154563e-01 3.532325119473395114e-01 7.530605855208435395e-01
5.540549310323448218e-01 -4.669849050534931600e-01 -9.809554082928713115e-01 4.284272005186461063e-02 2.878652272257475331e-01 -2.566977569497623346e+00 3.014565602900853847e-01 -4.207691924095000591e-01 3.492996135001629199e-01 3.073717782005300769e-01
1.866802959242007121e-01 -2.489828832074606257e+00 4.672923911009643660e+00 -6.550034513032605421e-01 -1.107404938545266948e-01 -2.364957308593990337e+00 3.283730427747364455e-01 -6.740313636498094230e-01 4.976300641908025235e-01 5.759016591959691400e-01
2.291011327295840450e-01 -1.587936414383952721e+00 2.575201537774658433e-01 6.067316697736100523e-02 -3.294878800882114489e-02 -2.369246601101732352e+00 -2.290394937202022418e-01 -6.818751836800798216e-01 4.784663758591471971e-01 6.205928368264107542e-01
1.028514260929121349e+00 -1.151967670778189845e+00 -3.336690819263227192e-01 7.210984654994336829e-01 7.018653957850595759e-02 -2.487973963539402700e+00 5.869190944458284598e-01 -5.780305672625359881e-01 5.480909372600512031e-01 3.190887243617478441e-01
4.567174054820898887e-01 -2.253156912496894648e+00 4.290094999127654907e-01 7.335470494507212447e-01 -1.505850831103519305e-01 -2.282303548675376437e+00 2.391462276604085571e-02 -9.616827492612345374e-01 6.867531719211101837e-01 8.322775933334899401e-01
-2.195842217301628430e-01 -1.612272827605762515e+00 2.621309861429976101e-02 -3.141457557377268506e-01 -7.996678051192847303e-02 -2.275384186503393913e+00 -6.485956206772530708e-01 -3.308345046888637730e-01 1.754110365609733158e-01 3.924555779666404898e-01
-8.377837421703557830e-01 -1.567265376392432907e+00 5.404961197761348757e-03 -8.865226608863824298e-02 -5.023074387798123763e-02 -2.364963828022170755e+00 1.817988183070793906e-01 -4.766463227488751953e-01 4.020225779504375541e-01 3.376368237325262922e-01
-1.128052384294298827e-01 -2.996221032813687346e-01 -1.076651004704158199e+00 5.102946552601107522e-01 4.111355786561867731e-01 -2.672665324753888072e+00 -9.819001120864034871e-03 -8.280268443300560222e-01 7.450931578731064819e-01 5.017295948161795138e-01
-3.774380741464506972e-01 -1.012343913765729742e+00 -1.272807245428029033e+00 4.933995096420675797e-01 -5.962968164171660035e-02 -2.330392134245115265e+00 7.218079571277642437e-01 -3.344917160215237217e-01 2.566818880442217066e-01 2.762667655848409787e-01
3.655400609469725559e-01 -3.579113392124262383e-01 -7.517968028617216802e-01 8.353494547086912636e-01 5.538562726836563366e-01 -2.759070968938048374e+00 8.517326379563613381e-01 -4.540207907266297083e-01 3.616858704250490164e-01 3.540688757122865682e-01
-1.578665949402445756e-01 -5.678244793158480075e-01 -7.677372014471085804e-03 1.164477557895908788e-01 6.294356328785579713e-01 -2.692341428598700404e+00 -4.790028981066396518e-01 -1.030371135623555645e+00 6.328429145879508333e-01 1.056763235448314742e+00
-1.303921141615650980e-01 -6.867518776998307040e-01 -9.323979748977100357e-01 2.238848763327140057e-01 1.818121674900936013e-01 -2.568260088024547638e+00 -4.639266314056809115e-01 -6.476542637733051500e-01 5.350310562488135302e-01 4.695816562439902864e-01
1.127692711019938177e+00 -1.485090240969548336e+00 1.542043001812788416e-01 -3.667566084796221482e+00 5.785258993363562308e-02 -2.485061198321028897e+00 -1.526892514419738944e+00 -5.948429344518749717e-01 3.118895532973219309e-01 7.133300494001574288e-01
-5.314110597708961992e-01 -8.796241384785384865e-01 6.253964005324208486e-01 1.119570260322853672e+00 5.691777048076798184e-01 -2.788073510090889329e+00 -1.274530908785860284e-01 -6.278939619459992239e-01 3.726360039411001912e-01 6.820195090409200134e-01
-4.544181539912479639e-01 -1.443350064555935619e+00 1.543308503592622394e+00 8.701336420210505906e-01 1.550134717889475877e-01 -2.532660851763393506e+00 -8.519470246189493334e-01 -5.421206962734935741e-01 2.313901050848368168e-01 7.377091021627455447e-01
4.381870847001748670e-01 -9.055957919539117107e-01 -2.002530405840841077e-01 3.614872837607241429e-01 2.522202546857424954e-01 -2.586286822364971094e+00 7.406550865458013666e-01 -5.333060576996921931e-01 4.543560983598795566e-01 3.699454608019151491e-01
4.844213427964156327e-01 -7.031935624105005722e-01 -9.837447721848182614e-01 1.469102478746997953e+00 1.100686998122812899e-01 -2.427400064835884219e+00 -1.132722653689773873e+00 -6.397019948626045949e-01 3.906574300236958508e-01 6.759954668180762072e-01
-4.377683752067580425e-01 -7.348665980523586549e-01 -9.928701597706067750e-01 8.388272160678464928e-01 1.074310694400320010e-01 -2.450039850340329117e+00 -9.477887997565304090e-02 -4.716072548756654603e-01 2.910317668988149364e-01 4.961243730111341010e-01
-6.953728356465387339e-01 -2.778984273608316458e-01 -1.525265712924268380e+00 2.642178744459078299e-01 1.885298488650345161e-01 -2.494605648937262998e+00 1.076253788309362580e+00 -6.581241268868396332e-01 5.009176232024478148e-01 5.401802915790822057e-01
5.262920362222789361e-02 -1.474798644485802779e+00 -6.322176830996454333e-01 1.005670014728345496e+00 -9.048565198405375543e-02 -2.345341683580499659e+00 -1.604855650175671666e-01 -9.049741366161102585e-01 7.774646963162104019e-01 5.936212084256302646e-01
3.897575849960208672e-01 7.138981117485397598e-02 -3.425313947934190972e-01 4.396697585823856058e-01 3.438664313995965838e+00 -3.314772799094073630e+00 1.058879041059575865e+00 -9.784555402392215440e-01 4.939482517811875639e-01 1.212097092429277323e+00
2.635807720424218070e-01 -1.278289980615558097e+00 -3.209110651209512444e-02 6.860000448203099621e-01 5.664096967922162967e-02 -2.457230337810699439e+00 8.841825800595726204e-02 -6.765923178677035743e-01 5.098415473465912617e-01 5.623192030202790459e-01
4.913350865189962113e-01 -2.023070554261227283e+00 -1.039445319696800762e+00 1.004379644059549825e-01 -1.917355979517691433e-01 -2.277139815606226136e+00 -4.243227357695951163e-01 -8.155232313527669419e-01 4.969469756315714193e-01 8.561569943442303154e-01
2.286617075894679663e-01 -5.264307018251584980e-01 -8.633372196156812173e-01 -6.184731719066255407e-01 3.070043816615826704e-01 -2.595779820082711797e+00 4.882311876176795851e-01 -6.022602540673421823e-01 4.455865747281436695e-01 5.162086621897382654e-01
2.740641632785286719e-01 -1.995038408275578101e+00 -1.830011038174783056e-01 -5.508451127157159011e-01 -1.413401067336481631e-01 -2.287759447382198275e+00 5.892297059962294803e-01 -7.158809058175795714e-01 6.629880572737780753e-01 4.123722975751521469e-01
3.221788113733081715e-04 -1.408289734364497559e+00 4.644239826229765722e-01 7.360252241436225917e-01 6.061264807953953282e-02 -2.435141321190084529e+00 5.594913829394938531e-01 -6.496775967308319188e-01 4.633424476544577009e-01 5.812136929125685247e-01
4.219161366532600543e-01 -4.757376221106077163e-01 -1.030219518416444657e+00 -8.801306367402442765e-01 2.783839845017006542e-01 -2.585662792839748647e+00 5.150437706655047743e-02 -6.398134124928732680e-01 4.588857912409832762e-01 5.690316826442534115e-01
-9.090076767417260006e-02 -6.456294416676028325e-01 -1.481512860575668222e+00 4.492792737015632865e-02 3.563986624670159586e-02 -2.437309871524101723e+00 2.172561318408644526e-01 -6.494899712415795889e-01 5.826961620065089775e-01 4.035269574459368069e-01
-2.481592435786487139e-01 -1.143413302521298636e-01 -1.359979322881018859e+00 -7.151876984921580194e-01 4.021717017277077200e-01 -2.674915849021549885e+00 -1.393526474912718527e+00 -8.141821485536488989e-01 5.017747313581661928e-01 8.460285919534180632e-01
6.055477018138544221e-02 -7.078164986691097837e-01 -7.438704153529890339e-01 1.011520685046964019e+00 1.984345085690772947e-01 -2.500521930420776417e+00 5.403697949877421802e-01 -5.623865549359409188e-01 4.258079673399124965e-01 4.684666559686461174e-01
-5.888881494379688553e-03 -1.002815321450112318e+00 -2.364508620903622571e-01 5.108921593901356584e-01 1.513885066563843140e-01 -2.473378972979105583e+00 1.222559987155520111e-01 -6.176383359437915832e-01 5.794593484170590392e-01 3.485845710151352916e-01
-6.330074648815288141e-01 -2.078326869144800693e+00 -4.628506304869555166e-01 5.775710529381867797e-01 -2.282093156022694802e-01 -2.222194026630356145e+00 -2.353962859848209632e+00 -8.033636082657275024e-01 5.596300034405421453e-01 7.299936798716227804e-01
6.877095071783824454e-02 -1.011386491955721167e+00 -7.146373975302889869e-01 4.102810589681102904e-01 6.248700546296448444e-02 -2.477483843550177589e+00 1.017755642079306133e+00 -6.224936625323534978e-01 4.574625159703634703e-01 5.374143819794370280e-01
-3.406442312318212484e-01 -8.054930416681487237e-01 -1.434308454436694191e+00 6.385431728823991460e-01 -4.225567564678314736e-02 -2.351365489744973836e+00 -1.498576276566834675e+00 -7.440305766088594064e-01 4.917771477672200353e-01 7.217501621445258086e-01
5.506519098804252277e-02 -1.702685175326800859e+00 -5.022733275655076879e-01 9.524226060558249607e-02 -1.280310483691956269e-01 -2.321570445343660527e+00 -5.729899100000851453e-01 -6.468369440674409665e-01 4.518805074718003634e-01 5.933156254035956145e-01
-5.010608734914337448e-02 -8.889338261705705957e-01 -1.022083519314903599e+00 -1.836207826941144705e-01 3.424601086560530305e-02 -2.411828813377350222e+00 2.700974296453749757e-01 -6.001058990449148478e-01 4.005423856174610275e-01 5.812263140617383028e-01
-2.592567542799419089e-02 -2.741044008053946657e-01 -5.907985086786005091e-01 9.340133326331082619e-01 8.212407664827010567e-01 -2.898142103760506849e+00 2.474938453234556412e+00 -4.236243285547942605e-01 3.494666977666288088e-01 3.131873107724225669e-01
6.423959771079010839e-01 -1.914239826371458175e+00 2.727339904658023784e-01 -9.553307729851434615e-02 -1.077519852517138110e-01 -2.329446225821009797e+00 2.088685583820366898e-03 -5.963618215057111538e-01 3.860051038014631342e-01 5.965387541617604983e-01
8.409787660277653898e-03 -1.167505111091058367e+00 -7.330529539545120876e-01 5.595495884885706150e-01 -1.174142984285178604e-02 -2.404643465861414864e+00 3.421069966555744246e-01 -6.242417333132856960e-01 4.650350693898766541e-01 5.291488171445063449e-01
2.277198495453532923e-01 -1.234182514783353390e+00 -5.742912787483719361e-01 5.723457496976531722e-01 -2.388250476499373387e-02 -2.380708112245727204e+00 -4.384066505847440398e-01 -4.120514290864271123e-01 2.917497663075223624e-01 3.765575819803098079e-01
2.361749794514773626e-01 -9.220975885803777139e-01 -9.794407380267384777e-01 1.039880053593703835e+00 1.759077691324212322e-02 -2.368223155607317221e+00 -1.579685774658787234e-01 -5.825402181959927761e-01 4.262618072433516647e-01 5.068740457006948308e-01
-9.931563349804606311e-02 -2.593643085864411058e-01 -5.494939362748653133e-01 4.728423094084294176e-01 8.185526260883396743e-01 -2.845557184395153261e+00 3.767967922601986874e-01 -6.234561744876095934e-01 5.354275760600372136e-01 4.234158674155147906e-01
-6.025316297863554382e-01 -1.752630095715083103e-01 -2.288575165012702417e+00 1.799280743406561633e-01 8.132533391556506785e-03 -2.456773508112239046e+00 -2.788802626307091415e-01 -4.524363505954644427e-01 3.958054381976597313e-01 3.001255748538714796e-01
2.539190487875277458e-01 -9.704068634905324009e-01 -1.945047597552533869e-01 6.139262913769125696e-01 2.015577705987872670e-01 -2.547198027023086730e+00 6.066575262499913634e-01 -5.430353380751427039e-01 4.562152799021551575e-01 3.858420347202153877e-01
-8.401424262052454850e-01 -7.387993004707404943e-02 -8.680233108164372435e-01 -1.191626646549745816e+00 9.037725049326565951e-01 -2.941043844142166463e+00 2.200302612251191225e-01 -6.469497319681368763e-01 4.994329416939976007e-01 5.217728012689487604e-01
-2.778808455040916447e-01 -6.792777504435794089e-01 -5.926757838132088452e-01 8.736266723407777324e-01 3.014445408763688494e-01 -2.616952761423780860e+00 -1.565311022856696876e-02 -5.226928160836387116e-01 3.230158230424385879e-01 5.487654504445360626e-01
-2.634647232058506816e-01 -7.792457392963948459e-01 -6.446216269761543272e-01 2.021975656584182879e-01 1.909495279058086858e-01 -2.510850083230973695e+00 1.201384074296310001e-01 -5.407401079676331657e-01 3.513136545134766808e-01 5.403136221842487208e-01
-5.644210173140381537e-01 -5.148230374131251841e-01 -1.258770394273404925e-01 6.176512144915063951e-02 7.266284836508527523e-01 -2.816122939657193402e+00 3.215498918353454361e-01 -6.116852225887244865e-01 4.522521962191640155e-01 5.247753103697103683e-01
-2.070398229701213288e-01 -8.096852468069074549e-01 -4.594356782130075145e-01 -3.437810339735821730e-01 2.180620977171709440e-01 -2.506941776805689415e+00 4.179256740101650047e-01 -5.580601558197665346e-01 3.748606514372813114e-01 5.380020996459718985e-01
1.915050422916070860e-01 -1.457079633716532596e-01 -8.861709272706020935e-01 1.220125338264668624e+00 6.538730647953520103e-01 -2.737367526997372291e+00 1.682061991550620750e-01 -4.325688467756683697e-01 3.670059847349453896e-01 3.042334115877433631e-01
-8.764358386402745227e-01 -3.944696423746130165e-01 -8.567992598444692520e-01 -1.187232924920627708e+00 3.847052922575138201e-01 -2.577171226113074365e+00 2.568652338703877880e-02 -5.835556734711067062e-01 4.505923254992844074e-01 4.721957467537075681e-01
-5.944246848472223288e-01 -8.131167627619635407e-01 5.923082314006392624e-01 5.954032208532695769e-01 5.432989305998114915e-01 -2.660398104149157561e+00 -6.407965918731900468e-01 -5.336334698521723041e-01 4.635123975689564024e-01 3.571243749181075011e-01
-2.921249500835532142e-02 -2.694999194090547334e+00 -4.602664309266940590e-01 1.553740088606063718e-01 -2.009040604444660705e-01 -2.329251561009958671e+00 8.790438462785832296e-02 -6.308727574707539976e-01 4.036515283197603665e-01 6.376229661231049839e-01
2.631440367162881655e-01 -7.129366376766308466e-01 -2.995101045034842091e+00 8.099498501152879726e-01 -1.832814333716691058e-01 -2.256547833680809134e+00 -3.311380148671183576e-02 -6.068239376775610427e-01 5.318805755832967108e-01 3.963464884195430638e-01
-1.570331902021857295e-01 -6.365413691464575363e-01 -6.597124977075629060e-01 -1.292184073893301866e-01 3.020524462224553619e-01 -2.605420286769448701e+00 -6.186824645908911569e-01 -6.164379462651971009e-01 4.922495192409618303e-01 4.733924249902933257e-01
4.068875574046074695e-01 -1.458426012812937156e+00 -2.120620537348101853e-01 2.207580955485811014e+00 -3.616062627911661997e-02 -2.413667971809727142e+00 5.425061510289008737e-01 -3.827855876439595351e-01 2.469787781218758527e-01 3.867960781482369659e-01
6.576702146183349695e-02 -9.866504494971839456e-02 -1.112731872469324923e+00 3.901050056969460056e-03 5.134864839392366820e-01 -2.642015733688079404e+00 1.983471755475295639e-01 -5.643234371934866545e-01 4.694096705107710932e-01 4.071462585500951747e-01
6.257503138221719857e-03 -1.747134465225840927e+00 4.145384507977943889e-01 -1.518542021606482217e+00 -8.266421603763905723e-02 -2.352760476220447039e+00 -2.035364071413416465e+00 -1.014843879016353423e+00 6.415187990591335598e-01 1.010174231485810870e+00
-5.080634624402835531e-01 -1.032537215587229662e+00 2.646212136914201096e-01 -3.971274356417146656e+00 4.546221040079171383e-01 -2.832860031752957308e+00 -8.009163996293608978e-01 -5.498820617126154442e-01 4.625668479600015259e-01 3.901034621301890937e-01
2.412051039999015822e-01 -9.150548556568915970e-01 -9.864290673493512074e-01 1.054513557851327832e+00 1.900652841757097256e-02 -2.367873747880021362e+00 -1.622167711466465656e-01 -5.822681131989655423e-01 4.259288482784308050e-01 5.068482105273244276e-01
-7.431399604659620906e-01 -8.517094164004116452e-01 1.528833111263118161e-01 1.769755719282825712e+00 3.567719795251599879e-01 -2.568809510697031673e+00 -1.194643885439123254e+00 -6.761346077312896385e-01 4.786268328812938178e-01 6.093726969878010546e-01
-7.775033933569948097e-01 -1.431160440654214216e+00 8.021641761632736234e-02 -7.801122682606553838e-02 1.403581848616392014e-02 -2.443055289768497396e+00 3.468011361888041488e-01 -5.577475488605629916e-01 4.905461464898145940e-01 3.635937604910400855e-01
5.018831708611528608e-01 -2.878894815582576650e-01 -3.491765412904523025e+00 5.517608985570261915e+00 -1.804207638010932591e-01 -2.240849669884426021e+00 4.422392317648025539e+00 -3.016459269733435811e-01 2.621391974475981712e-01 2.034192745225855137e-01
-4.038944570276981616e-01 -9.971369475258924364e-01 -1.296147125604971029e+00 4.991972869632956833e-01 -5.951287692968966481e-02 -2.328802953406917897e+00 7.798032380116441953e-01 -3.301100752822160311e-01 2.522011190399870428e-01 2.743426599156174595e-01
2.128650549855209961e-01 -1.083285669609817425e+00 -9.074203667131196527e-01 6.683185011737695636e-01 -1.762057513132586628e-02 -2.375454734440457738e+00 4.012831031762831291e-01 -6.855219689372892278e-01 5.060257376068635349e-01 5.851622969143164266e-01
-4.200606816189765835e-01 -2.190132610862854934e-02 -2.161150418017842689e+00 2.313468436317356325e-01 9.525577431675930073e-02 -2.512682082042296372e+00 -3.058996306603692927e-01 -3.906004291071696333e-01 2.859895125992013565e-01 3.430935786835795920e-01
-1.732825315715849912e-01 -1.945251754268627398e+00 2.878444553438033737e-01 1.807334686421117054e-01 -1.201944841710749223e-01 -2.306436731986255761e+00 -6.804627023548776021e-01 -6.251031786765699483e-01 4.050879466244183269e-01 6.236347035169133024e-01
1.237307830546980902e+00 -1.178360479703719710e+00 -1.748166285863539393e-01 8.129328057568261379e-01 9.046985673281282558e-02 -2.510686686492638486e+00 5.411743478294470666e-01 -6.149089043793440901e-01 5.900113128803186058e-01 3.287258180818112274e-01
-1.590002254496090117e-01 -1.087358822065785935e+00 -9.861620069571754854e-01 -2.903374739892583545e-01 -3.822479799527023214e-02 -2.345705272564216237e+00 -1.762395680799622166e-01 -7.024011877633834500e-01 6.796642334133344843e-01 3.645678977614398297e-01
1.812563540529835149e-01 -9.778465448749069644e-01 -6.504405382666806901e-01 -2.449698792690961913e-01 7.886485632017717351e-02 -2.482256246095488894e+00 -1.004813033853269699e+00 -7.103044174198801519e-01 5.295450916534341079e-01 5.972879272229432157e-01
5.325762900642180830e-02 -1.041405729085571386e+00 -5.615570315772140386e-01 -4.234770213966600472e-01 7.824618379335719631e-02 -2.486637590125173602e+00 -2.111173486539593969e-01 -6.056973857283205476e-01 3.609420579568937137e-01 6.554666373116500022e-01
-3.810147507360174268e-01 -7.403206733265348394e-01 -1.823735077366600343e+00 -7.766933482869164962e-01 -4.945622896331258733e-02 -2.425929464936410707e+00 1.200691622076194065e+00 -6.101999994871774025e-01 3.729461720617373577e-01 6.452341123098302988e-01
-1.189860508616963575e+00 -1.898340476473550087e+00 -3.090537328429792119e+00 -2.312828093802838936e+00 -2.331232454539124976e-01 -2.199903847145232128e+00 -2.695534525507001788e-01 -5.658951566655823218e-01 3.260481707062913292e-01 6.304691778905772148e-01
-4.516987278501831682e-01 -8.372292764995512560e-01 3.055666100111650296e-01 -4.052539459057957316e+00 6.634650367248534630e-01 -2.893603280139331435e+00 -1.070347093636721203e+00 -5.749288177004723277e-01 4.790943066082250512e-01 4.137758975494862934e-01
1.850204571979326418e-01 -3.762592859177869009e-01 -1.566754536126615971e+00 1.055529616550385796e+00 1.272708745112463846e-01 -2.485184353182555039e+00 3.618813871093057299e-02 -6.449031283722937991e-01 4.705609453256820451e-01 5.608702375527526707e-01
6.963807328345343606e-02 -1.037508810906731194e+00 -7.615580860324877577e-01 3.719446024024215813e-02 3.471434533012659335e-02 -2.457347876405215903e+00 -4.460850943760532594e-01 -7.961215628884004136e-01 5.911211785090523252e-01 6.673630979213038827e-01
-5.225506479008210636e-01 -5.757119771339466174e-01 -6.217249342213682084e-01 7.213468138878474933e-01 3.396309330583733299e-01 -2.568115755172072578e+00 1.622481864980716004e-01 -6.679249292997139209e-01 4.972601593829898969e-01 5.647256423597601938e-01
1.951796128707092848e-01 -4.603581153420489569e-01 -5.176325102038942250e-01 2.661679678649677694e-01 5.441384516213694233e-01 -2.717938775252070283e+00 7.239338508901926872e-02 -5.070086473045420927e-01 4.040765242309644623e-01 3.938148094574368541e-01
4.940685137734734250e-02 -2.049842322617091206e+00 -1.054106405485575548e+00 8.913451512166965796e-02 -1.888303548179640912e-01 -2.257012241822384357e+00 1.471112053214051474e-01 -8.294758429075407280e-01 5.142829717370275278e-01 8.551227279430563266e-01
5.828980000943484452e-02 -1.149091741272299627e+00 -6.201551546086869759e-01 -7.505497625109648352e-01 -2.019385633135736824e-03 -2.387624242181127343e+00 -1.101200728096215276e+00 -8.056391331548509172e-01 5.285012104375219621e-01 7.843682885443545860e-01
-1.643400551532948617e-01 -6.438282527338179406e-01 -6.338112301843474850e-01 -1.247094379962301325e-01 3.083163694053890902e-01 -2.609426014495630497e+00 -5.970918902886801494e-01 -6.154996104868359907e-01 4.908928489358610481e-01 4.736244784552957610e-01
-6.133126991795779803e-01 -5.811147164542449506e-01 -1.003912904397829431e+00 -6.903468508745733700e-01 2.057396657429048648e-01 -2.523316769595012499e+00 3.311329877378790254e-01 -6.295357238779839548e-01 3.993867202407922479e-01 6.417589471986796523e-01
3.212163155380370338e-01 5.812203722761039026e-01 -1.561330695369790522e+00 4.225233178237844944e-01 8.882185804738328416e-01 -2.872017133850507165e+00 -4.133312350707509797e-01 -8.727132710455389741e-01 7.467057740999423210e-01 5.799015868042087796e-01
-9.604159376284071570e-02 -6.351301477984416799e-01 -1.020218119281959268e+00 3.186158785860926379e-01 1.694278137191889411e-01 -2.517749073989038688e+00 -1.523275247662237986e-01 -6.573137054321452899e-01 4.599344116083844414e-01 6.015567178401400872e-01
-1.819596180460232859e-01 -5.803018709700713540e-01 -9.379354131415102991e-01 3.075769016601339612e-01 2.205345802900262608e-01 -2.510247177373281957e+00 4.283412701708639858e-01 -8.412731224637837180e-01 6.585779443131993816e-01 6.502000405973717978e-01
2.489953746286112657e-01 -2.028227659119856696e+00 -6.748145324166565651e-03 3.824108911230904573e-01 -1.368299883055222876e-01 -2.334642089964871658e+00 4.523252496643156428e-01 -5.596745203942681268e-01 3.724157422631024228e-01 5.449526847533413543e-01
