-2.170908322840595650e-01 1.701120728498955459e-01 -3.792544297713196677e+00 1.752669871279206038e-01 3.817478667210298937e-01 2.535728403995157088e+00 2.082778931940323375e+00 -5.128813701185989338e+00
2.003114049577790379e+00 2.910160381065538537e-01 -2.927382070474403797e+00 1.512414197893995615e-01 -8.004816692230976027e-01 1.801296274191421354e+00 2.022803930336922296e+00 -2.736760971106448448e+00
3.867979334545801340e-01 -4.089129929777601813e-02 -3.778808158757966496e+00 1.096643808725741992e-01 -3.535166893805590682e+00 2.063851517493500154e-01 1.995193400009143136e+00 -1.756899182551800109e+00
9.946094578200778136e-01 1.383004631777205562e+00 -3.307306348044170896e+00 2.429307606518396612e-02 7.784176135561338139e-01 2.778545012752687615e+00 1.342062794897747935e+00 -2.332002454554441329e+00
-2.168272654016958345e-01 -3.288087760455640218e-01 -4.325474561113233918e+00 1.585499660122016707e-01 -6.743030430038162715e-01 2.869306517850801264e+00 2.146678555699297331e+00 -3.284777859344843343e+00
3.564337840713857730e+00 7.021430393730080377e-01 -2.770575287310041546e+00 1.261206076697223843e-01 1.513605625733161375e+00 1.964610529777323755e+00 1.867421722595342004e+00 -2.971003713281404224e+00
1.295204507402343941e+00 4.548377491984715859e-01 -3.136663686618951008e+00 1.245170304059632360e-01 1.275258818213253820e+00 2.460652221074884682e+00 1.918526708193499797e+00 -3.703733460343935135e+00
3.560572717538633913e+00 9.516710862484764055e-01 -2.854265539908057203e+00 8.664924843462168402e-02 1.606729637741632910e+00 1.896937785812689015e+00 1.712267998609637853e+00 -3.999689841739907603e+00
1.900555697051529380e+00 4.291475235186827941e-01 -1.153678557095330959e+00 7.991206225075992986e-01 -4.635428403354874050e+00 -1.197045123340184231e-01 2.577783024865359707e+00 2.571569955514016570e+00
6.201928683545224530e+00 1.544132039416662217e+00 -2.661106242336610528e+00 6.104807118981403491e-02 -1.189734721900563841e-01 1.785604123857955861e+00 1.404316340049194478e+00 -2.091858661400583408e+00
2.632774992537285641e+00 6.987125022028863874e-01 -2.861738159771197054e+00 1.176401561301311516e-01 1.485877656140916159e+00 2.558332103783861999e+00 1.848422323051742033e+00 -3.619392150722953172e+00
5.116689494451700071e+00 4.536904955885009971e-01 -2.210595865809372285e+00 2.411176150129934470e-01 -2.967614159765790127e+00 7.755614822314127466e-02 2.176105201306365089e+00 7.817973118195681081e+00
1.955077268610516450e+00 5.851119751334988850e-01 -3.094991507028567845e+00 1.040629779133744326e-01 1.777554510450793934e-01 1.169569974234290877e+00 1.872368696129998344e+00 -1.714245382185904498e+00
3.574703866630319915e-01 9.223625685005267805e-01 -3.399768184833901863e+00 1.550085392680872198e-01 4.456254521089774157e-01 1.973070517608037866e+00 1.884020962575601033e+00 -5.047000177017277878e+00
1.284191087262581021e+00 1.587693653966712193e-01 -3.296178930539213070e+00 1.474063328314013654e-01 1.029795989327786238e-01 2.132040272619284860e+00 2.062829862429442773e+00 -2.383717346292480777e+00
2.687753165204511241e+00 7.487167470605571307e-01 -2.881506980221311576e+00 1.349045017512893185e-01 5.953116524888178995e-01 2.692937667874286234e+00 1.935216285123849467e+00 -2.236051097358876305e+00
8.096919258427279775e-01 5.608293800156378683e-01 -3.534764014310135316e+00 1.023098063653961887e-01 7.224965204774976835e-01 4.355303538273281205e+00 1.923618560580024894e+00 -2.059496700188669038e+00
9.181501572358439223e-01 3.568460947194984634e-02 -3.418704016380534227e+00 1.324158520625561830e-01 7.780753783622078590e-01 2.070608334313118526e+00 2.025541671979531166e+00 -2.653299288478542461e+00
6.072028576072652228e-01 4.629448318065383372e-01 -3.679271233873250946e+00 6.967467449704145555e-02 1.348099534131152466e-01 1.617917355869056273e+00 1.867807764941188831e+00 -1.493676707681577120e+00
1.632280775249753457e+00 7.012529064954278191e-01 -3.048251695218411328e+00 1.255340075815349898e-01 4.460051904866122463e-01 3.070510916946842528e+00 1.877753848754201371e+00 -4.208667983130559342e+00
2.406431309203186597e+00 6.312427952992416547e-01 -2.989323123470420285e+00 1.211181038780171360e-01 -2.506698060075646106e-01 1.783388191241855214e+00 1.899613375884851019e+00 -2.850701253374142041e+00
-6.865275273853166382e-01 -3.737875227914804199e-01 -5.069678927418747705e+00 1.461216860293411135e-01 -8.829572994400267660e-01 2.715055244835829384e+00 2.126860659454604896e+00 -4.035268091165020721e+00
1.017132719560458920e+00 7.157063943432179220e-01 -3.556791684244851481e+00 7.807463938638281586e-02 -5.719510363311328671e-01 1.355359423848663258e+00 1.810768051604632722e+00 -2.320855096339096590e+00
1.686397268105445324e+00 -4.407409641434140157e-02 -3.345467266706889209e+00 1.528880928232370096e-01 3.663507351486948727e-01 2.081758876250535018e+00 2.130316652779301823e+00 -1.986906422979388243e+00
8.774818548147136354e-01 -3.523278591528141712e-01 -4.007623610357216037e+00 8.187850402651963844e-02 1.650829316382899759e+00 2.895459723634915772e+00 2.009455661581874164e+00 -1.872737753918000125e+00
1.760415161098778380e+00 -2.176033792737896988e-04 -3.232373303201983461e+00 1.571447136673917999e-01 4.892478263502335611e-01 3.082616707625390529e+00 2.114712051120759106e+00 -2.420921492701868516e+00
1.814485288438530075e+00 -4.504624072625880160e-01 -3.612881167378402036e+00 1.101294536022733167e-01 5.054802292143696363e-01 2.898172943227964371e+00 2.091402007482677572e+00 -2.006126061236553237e+00
1.105755788256576722e+00 -2.013279533442269287e-02 -3.394449344636715882e+00 1.732746952346953528e-01 2.529333147454244202e+00 3.249798390570059148e+00 2.141789240686063689e+00 -3.441879948881930051e+00
4.970999794559605611e+00 1.671960875301455207e+00 -2.506660652165728198e+00 1.104407628122848206e-01 -2.473593650939540645e-01 2.451026875741929345e+00 1.416185010804448030e+00 -2.878499827529275912e+00
1.707333716279910041e+00 8.430253971033542237e-01 -2.910788322250638771e+00 1.475151312664020886e-01 3.527012051243298973e-01 1.547483695772748469e+00 1.916950224301935179e+00 -1.972883627139615070e+00
4.312476203603003988e-01 8.340777737648247259e-01 -3.684102640500578119e+00 1.102069662880031387e-01 3.338823279572433744e-01 2.628341045558929778e+00 1.835377601916190260e+00 -5.426302971943091080e+00
7.348584134084354957e-01 7.908063548392463282e-01 -3.390292676131474892e+00 1.052006698558056175e-01 8.051368963749069296e-01 1.778942417914221696e+00 1.802989903106769098e+00 -2.872472716073841248e+00
5.041231030104893485e-01 -3.198117183795013974e-01 -3.882468521540951123e+00 1.377182422498620107e-01 2.620796727068492871e+00 6.217742595195407063e+00 2.097451055090469474e+00 -6.472934675116119863e+00
2.759959779170746863e+00 1.392762669554366672e+00 -3.798872067679334164e-01 9.745510742938665594e-01 -3.313043736857987476e+00 -9.979044919790680535e-03 2.437757638476152344e+00 6.851830647563975418e+00
2.636975633268851205e+00 -1.170135171009858421e+00 -3.987882342459592611e+00 1.800355589200300366e-01 3.255125821943982700e-02 2.428302445511389518e+00 2.283279699622947856e+00 -2.586209688718350108e+00
3.548064012862061745e+00 -1.176939226905560076e-01 -3.364044547963919385e+00 1.402017152009366330e-01 -5.703673945963233516e-02 2.943829672150509946e+00 2.093848424016173659e+00 -5.087460840333134726e+00
4.081795468474005872e+00 7.777204237600787717e-01 -2.726836172767694855e+00 1.073904185100486852e-01 5.164587994150569017e-01 2.194242198712312408e+00 1.784696118544831567e+00 -3.521689290161186925e+00
1.582408934859947935e+00 -6.542591771835359893e-03 -3.784972377214386619e+00 7.948476632430945266e-02 3.617325103696625854e-01 2.129995131259868391e+00 2.018041840535746090e+00 -1.618830848373881803e+00
1.813759990071315720e+00 1.183498094464919381e+00 -2.860976172868375578e+00 1.046337935009354347e-01 1.362256795761437544e+00 1.726976511745458742e+00 1.657297686480673660e+00 -2.377180700737735464e+00
1.660031803028980013e+00 9.680540315532834006e-01 -2.908611152006817413e+00 8.650736522260855932e-02 2.293762846861362448e-01 1.933925424535010595e+00 1.681519754230000663e+00 -2.243818887925896011e+00
1.928971104208064169e+00 1.398059830025317529e+00 -2.865511255497266596e+00 1.007902064552638199e-01 -1.111812909301813423e+00 8.767701865397212746e-01 1.634831843726047618e+00 -1.829142003186622789e+00
3.664951137445799034e+00 -2.445290200405453862e-01 -3.288652455076931158e+00 1.674531615603173373e-01 3.520547187108324927e-01 1.827494974255342131e+00 2.172318897820568750e+00 -2.493457319290580454e+00
3.067391050313681866e+00 1.140110496748303559e+00 -2.596183198331685649e+00 1.621811925775495655e-01 7.472965475330990426e-01 2.144603011174416984e+00 1.837325500054644012e+00 -3.750251830876429437e+00
1.799050913328495316e+00 9.582439444370787207e-01 -2.759610254882039815e+00 1.217837292220614598e-01 -5.320178760912939175e-01 1.644136502782715947e+00 1.736250074070321281e+00 -3.376093730820397099e+00
2.383861594980949850e+00 1.049909694809521898e+00 -2.842466912648030863e+00 1.369065935763948971e-01 -1.790092435498059076e-01 1.403997918956170210e+00 1.831165890966222287e+00 -3.139455189815566705e+00
7.699092505455142899e-01 -1.983715887805736766e-01 -4.148343411091967248e+00 7.656337339142132992e-02 -1.048645082764103176e+00 3.056495780799949546e+00 1.994549568863351663e+00 -2.465712447798492857e+00
9.722963823709471765e-01 -2.148803054611296837e-01 -3.787034670453269136e+00 1.252682780919547878e-01 -6.176518496206637732e-01 1.859343553805789639e+00 2.103345179740851556e+00 -2.026026685697885021e+00
7.380669514377753426e-01 1.022981583987635501e-01 -3.624311827765244409e+00 1.051212696150671672e-01 -1.204570706802779778e+00 2.877662139189422597e+00 2.008685381562255845e+00 -2.379635231850714572e+00
1.457792091497802200e+00 -4.742976503885509842e-01 -4.312365311186381334e+00 3.309442282225383281e-02 -1.054378181407962245e-01 2.011179300497543565e+00 2.022235790408430489e+00 -1.432989567637602990e+00
2.499965350867116687e+00 1.970147198115505649e+00 -2.995992989137600926e+00 6.064607755981593629e-02 8.269992686752793976e-01 4.100953805897462168e+00 1.320210383552543831e+00 -5.783361998785260916e+00
1.701796938982319318e+00 6.445615207472775721e-01 -2.937659233665620206e+00 1.425320252194289261e-01 -2.974556811479855956e-01 1.072078016532536537e+00 1.943924695376503697e+00 -1.661490141234561291e+00
1.258462892633431141e+00 1.027495893162309049e+00 -3.541572334706097003e+00 2.402845682752180467e-02 -6.454805266135675845e-01 1.725970951688250876e+00 1.667911454097208424e+00 -1.941694022657459495e+00
7.967798075095944288e-01 -3.555283879189221619e-01 -4.319638077699515577e+00 6.207742539940067084e-02 -1.362076641611774885e+00 3.783878344105634284e+00 1.993209079705224873e+00 -2.509030358921717330e+00
2.280215996611616447e+00 -5.105737300504866738e-01 -3.605798530002738644e+00 1.503099768981275564e-01 1.489588352835263585e+00 2.523810707478419069e+00 2.161717827613351517e+00 -2.348132350679617897e+00
7.177284586870035232e-01 7.424866539450072356e-01 -3.300083511923796564e+00 1.424746929500478321e-01 6.464838722017103301e-01 2.900795787601079923e+00 1.908037411353347368e+00 -3.347174152052664553e+00
2.750609122483050228e+00 1.166752683133358115e+00 -2.909749332899060459e+00 8.078181770476605683e-02 5.968207080968335188e-01 1.922323078044556155e+00 1.641827073371996182e+00 -3.320372090317262437e+00
1.392597616871069865e+00 6.210265257535603212e-01 -3.154420171655898386e+00 1.320642570534994453e-01 1.341386265726681737e+00 2.821960226452178588e+00 1.920756938097006206e+00 -3.546069989186007909e+00
3.725740366537585668e+00 7.449661884549974022e-01 -2.645554554512720813e+00 1.239530163975825494e-01 -5.658972187671735821e-01 1.940827027850055675e+00 1.818468756348847748e+00 -3.811351429410275493e+00
1.526868037526872390e+00 -5.537220075124523744e-01 -3.759914068230023165e+00 1.378669308406210159e-01 -1.246063544515557897e+00 2.363239520950189743e+00 2.140168770331401404e+00 -2.885044974910498716e+00
2.204731640317145747e+00 6.778228377004309468e-01 -3.171428974809765933e+00 3.863484643351169923e-02 7.585420640681654891e-01 1.833151429969618995e+00 1.713844964099983326e+00 -2.005285754787994534e+00
2.815400399825850331e-01 5.500099808708915905e-01 -3.357751040727965375e+00 1.859246444688373301e-01 1.466880953981555269e+00 3.251492753918090894e+00 2.041502262822442404e+00 -4.008006454472970326e+00
2.686478209397039407e+00 1.044664565439066051e+00 -2.784546955592103856e+00 1.084211870647886211e-01 6.547558678296006018e-01 2.102672798328239612e+00 1.731201747079877507e+00 -2.618936922906992315e+00
1.762376723293076264e+00 1.122920430855820051e+00 -3.019500034910028941e+00 1.022410483244327040e-01 -8.376078534657349639e-02 2.957734076385052369e+00 1.714586435102376072e+00 -4.381062438432870465e+00
6.073759141019534624e-01 1.074967193032151380e+00 -3.225246797408332533e+00 1.548323365851931865e-01 -2.207261509235333374e+00 1.684332020346405612e+00 1.842722908915531699e+00 -3.965201568139897326e+00
9.794990042033389077e-01 6.244675560792741775e-01 -3.083983994372227588e+00 1.521759483624201825e-01 -7.287492314880608113e-01 1.771194688625803648e+00 1.941068016286198183e+00 -2.975874049228250939e+00
3.816071149241234473e+00 -1.136828080910289307e+00 -3.782893597049728385e+00 1.690103464325941607e-01 -1.251927607670611176e+00 1.376781969057842892e+00 2.246893097081699153e+00 -2.938002860952824591e+00
2.088121846822209804e+00 4.408880678680857645e-01 -2.846531627034238010e+00 1.503388298144608393e-01 -2.934220545537866154e-01 1.025755561192893905e+00 1.991782300476368395e+00 -1.691733699312611083e+00
1.154205819324407134e+00 -3.266487682801766379e-02 -3.534776734899490513e+00 9.100008359840294769e-02 -1.155961890215151389e+00 2.647391958512099297e+00 1.955860239475416984e+00 -3.078629968703330277e+00
2.105768989682569980e+00 8.037593507111617797e-01 -2.743463756032311185e+00 1.261275917120521228e-01 7.424744612157466728e-01 3.106798463501035279e+00 1.805543420462246029e+00 -3.284035693220877850e+00
6.248652400299861132e-01 8.416746787447682010e-02 -3.435058907734718225e+00 1.406192539474864778e-01 4.473868739993548393e-01 2.083839534898735746e+00 2.036112632631219554e+00 -2.310609828909141683e+00
2.496549955424109513e+00 -2.849689098064503434e-03 -3.151119065391723595e+00 1.227420437840169576e-01 2.074370671666120325e-01 2.724812444830758018e+00 2.014948761356415208e+00 -3.101411416672544608e+00
1.539997254126059145e+00 -2.542371475854410257e-02 -3.451791642176560870e+00 9.988116922242357143e-02 -1.110711394076653979e+00 2.453637099192953919e+00 1.990384026215896718e+00 -2.675178574549075705e+00
2.164841665948420868e+00 5.982415127431295332e-01 -2.957940543728820426e+00 1.232345160813612672e-01 -4.535506226806208518e-01 1.800190020263615409e+00 1.920408981737900422e+00 -2.345735010841433876e+00
1.656477199995721072e+00 9.497438707384726619e-01 -2.686129367744958252e+00 1.334761023486776832e-01 2.235925357836806349e+00 4.909315644640284582e+00 1.738585086665314527e+00 -4.043480649636493673e+00
4.943400735542506919e-01 -1.820518818134302386e-01 -3.629728443608371435e+00 1.537889148557135266e-01 3.641200198611152405e+00 2.596423950583615525e+00 2.120847568870104727e+00 -1.557195248471386684e+00
7.565650198032669582e-01 6.218510993053625313e-01 -3.492333858349723208e+00 9.057023543847904368e-02 7.920536996831932797e-01 2.215823117543530785e+00 1.818694354814307967e+00 -3.124721225209078579e+00
1.330210547880099625e+00 4.674212988906725208e-01 -3.269843973952144101e+00 1.329961313315723148e-01 6.287011097614699784e-01 3.177196360163195621e+00 1.971410568350908665e+00 -2.795527302059028329e+00
-1.729049833735890607e-01 -5.982220201081105415e-01 -4.506693146416835383e+00 1.332961948912385064e-01 -1.308505861815226767e-01 2.234545965934730649e+00 2.119490727303936506e+00 -2.721858459898292004e+00
9.415276005083343946e-01 8.772111708696892496e-01 -3.578770331211311273e+00 5.178248686531761180e-02 1.981697491626633001e+00 2.135808957560580090e+00 1.711186928128740625e+00 -1.845122529176659087e+00
4.117889557510508780e+00 -1.385865542516701465e+00 -4.670375601482017025e+00 9.164707547928757636e-02 -7.079559827570726105e-01 1.907708560240479301e+00 2.095393869303371126e+00 -5.631629120230424945e+00
1.028605795870361383e+00 -4.920720901717734463e-02 -3.372952266159650492e+00 1.718989234061792659e-01 2.755518714659224155e-01 2.358182067055584419e+00 2.140771689053426741e+00 -2.897898047533435495e+00
1.727761967882632810e+00 1.739416732189330794e+00 -2.691875126168461030e+00 1.294496480068705879e-01 2.208286038488144198e-01 1.701092946100324355e+00 1.435652772043389813e+00 -3.929992113491350914e+00
5.095322014096905772e-01 -1.108064397734569884e+00 -5.020434211461920704e+00 1.115743245348721768e-01 4.625433134241192512e-01 4.024503519548364494e+00 2.130918335160249200e+00 -2.443435049222042466e+00
1.266098817370008733e+00 2.159615896715123551e-01 -3.116467216363110637e+00 1.590574742432465660e-01 1.881509527982591079e-01 2.230813103228109107e+00 2.050144407000619839e+00 -3.236469166280166121e+00
5.772915088248470328e-01 -3.241264047907966850e-01 -3.878421825367306397e+00 1.228267638581680976e-01 -5.645658793631003203e-01 1.964267711307374320e+00 2.086169414063857808e+00 -2.187870191744991644e+00
1.291466073026175554e+00 2.275301816067906713e-01 -3.317307088074718635e+00 1.165669395643381123e-01 4.530449338563178330e-01 2.620900748832093896e+00 2.002348811766893277e+00 -2.053788089736344968e+00
2.492528297945967974e+00 -1.928221718546365704e-01 -3.310632040464828840e+00 1.434288941549740348e-01 1.596503738522301319e-01 2.381282830525517369e+00 2.105174776103426737e+00 -2.624721016684691044e+00
1.933360860842076256e+00 6.386596720304630326e-01 -3.151534385081767198e+00 9.697858021369018533e-02 -4.006425349440132511e-01 2.208131129527621361e+00 1.841924138938210831e+00 -4.013393718955120093e+00
1.912004481289456770e+00 -5.450953007039393006e-01 -3.918244948044905307e+00 8.745506381369880233e-02 -1.038046500085080925e+00 2.587923939769260162e+00 2.025163327172204930e+00 -8.074781965412803686e+00
8.591113029501462606e-01 7.243178832767946940e-01 -2.968750489382043778e+00 1.575136596836974323e-01 -5.524870027746358048e-01 1.612514851971706964e+00 1.898175670949556970e+00 -2.786885463975508959e+00
1.933363345531142086e+00 1.903379285667367471e+00 -2.846068774495640774e+00 5.813571965955366405e-02 1.096775108588891268e+00 1.751371140363080503e+00 9.196238331361907825e-01 -4.300032835237043827e+00
2.232274596045860093e+00 6.088770469523343554e-01 -2.916963198575673211e+00 1.201464064137922061e-01 2.468389406110087503e-01 1.636892065332330892e+00 1.885135504128344852e+00 -2.395837461142793057e+00
2.442817454047821357e+00 -9.327060798352563298e-01 -4.091062843179041231e+00 9.302542815335979043e-02 -1.766349497299803950e+00 1.392947217778888636e+00 2.068681716551275862e+00 -3.384036434872699672e+00
1.693163845664076739e+00 1.270355822323850470e+00 -3.128946438898197790e+00 6.946914734169336303e-02 2.764064265053174374e-01 2.070059891765338111e+00 1.591752887052143572e+00 -3.376196466690971398e+00
1.166119334955724174e+00 -8.643216187415680984e-02 -3.383757116915191432e+00 1.643971058424031351e-01 1.497098783567839098e+00 2.995298320930511515e+00 2.130690139380305936e+00 -2.678513411122060095e+00
3.088888296455727378e+00 -1.629837367515029611e-01 -3.612131933023440045e+00 5.670308400867149490e-02 8.920540584478764412e-01 2.468963759290763171e+00 1.947765634927994371e+00 -2.015643360526483185e+00
2.583637598401123725e+00 1.417919942965078395e+00 -2.644100834851121462e+00 1.394304760929983567e-01 8.863279764864742116e-01 1.911421014246463379e+00 1.676404287232178936e+00 -7.093934339127266675e+00
2.279212234374940138e+00 1.148912947789491934e+00 -2.830250154931748696e+00 1.225755260233658828e-01 5.287758901845052151e-01 1.933508971309939151e+00 1.749616417691995274e+00 -3.035132431109279771e+00
4.859810648130813426e-01 5.522119545236182647e-01 -3.725900149075553003e+00 8.918557853185493656e-02 8.975158218979354396e-01 2.521766753438034137e+00 1.840705094515814100e+00 -3.621524209364750391e+00
2.023692107831158271e+00 9.102914071114682759e-01 -2.664039934934108178e+00 1.515403236761286576e-01 6.852035433519780838e-01 2.016483021031576506e+00 1.835787954993136184e+00 -3.096091849862803169e+00
1.939501806515378624e+00 2.165744280238073305e-01 -3.103848152318585907e+00 1.231877161053777092e-01 -1.504107319974973489e+00 1.838745660282489425e+00 1.980480510275140604e+00 -2.948163595791541525e+00
1.455928406565911715e+00 7.080485938153208147e-01 -3.014574105911272284e+00 1.287819628871622324e-01 3.114000978241767914e+00 3.122507513613859587e+00 1.869210336670591444e+00 -5.730227669323451067e+00
1.349027379333901377e+00 4.413134166345407117e-01 -3.045579427220384439e+00 1.325022001230895530e-01 6.884902154865611967e-01 2.202777640230051404e+00 1.930357614700413116e+00 -3.318676231209001681e+00
2.244226423257138059e+00 1.277150500392812527e+00 -2.787671370726379827e+00 1.295042564708377419e-01 -1.389721816166009205e+00 7.966442440938545921e-01 1.742273510416296078e+00 -2.226511453189597312e+00
2.842291721611832411e+00 -3.250763754566137198e-01 -3.197250617279989271e+00 1.617706967668994800e-01 4.158026073398708888e+00 5.308674055963516381e+00 2.147318583403755810e+00 -4.733045841837458134e+00
1.384533873373650970e+00 4.737713420955446120e-01 -2.788415608049642724e+00 1.820419587991466970e-01 1.004543909456146356e+00 3.501792611835054636e+00 2.023766476885525911e+00 -3.953093597573507978e+00
1.154745052611737766e+00 1.421845422358753996e-01 -4.150143259398712203e+00 1.210000030559940654e-02 -8.141807024774564416e-01 1.282988221739284951e+00 1.913373035905379993e+00 -1.316884193603845565e+00
1.559340459532624346e+00 1.756290619655826557e+00 -2.995290768352635524e+00 1.114690812658197805e-01 -1.589822323994536823e+00 7.548869030196949659e-01 1.568554072824448031e+00 -2.232116560669241245e+00
2.177923480821500668e+00 -1.281377329614727389e-01 -3.193160175695162195e+00 1.608125793506001433e-01 4.669701742534670408e-01 2.052888849209201005e+00 2.122882605966275538e+00 -3.108650431894023569e+00
1.600060277841351519e+00 1.288971246782665725e+00 -2.656313813078233110e+00 1.532214890505437521e-01 1.013801745216706962e+00 1.710687709939545220e+00 1.699554592244209683e+00 -2.657228661063384845e+00
6.330370274565775279e-01 2.389415162265040027e-01 -3.856313749455586581e+00 6.971620694547445152e-02 4.787301634754973501e-01 1.770232621103259074e+00 1.895593195809599507e+00 -1.691511332350934538e+00
6.584823648954831743e-01 6.172982597397245197e-01 -3.272952318946710903e+00 1.687488032883622813e-01 -4.286517542065388930e-01 3.391358826589688125e+00 1.999037771823122034e+00 -4.453014067062046166e+00
1.984804626055108656e+00 -5.218412887817747148e-01 -3.369218192467957174e+00 1.437429577983813100e-01 1.657696883128605858e+00 2.120903812996003168e+00 2.123201251437524917e+00 -4.819795054800031231e+00
2.431892280264976947e+00 4.536771775872272539e-01 -2.799905893214337915e+00 1.719612147505369393e-01 -1.307535190850662499e+00 9.880732182581966061e-01 2.035444577883357198e+00 -4.473060007757542422e+00
5.894699015763995575e-01 6.742685197214144388e-01 -3.526146778293952178e+00 1.284941620381019056e-01 5.604970572636803761e-01 2.119254571616449923e+00 1.917306168356361695e+00 -2.336246645119962828e+00
1.509874073941200434e+00 -1.826105422562740443e-01 -3.751370372729761371e+00 9.258498191326447468e-02 -3.974357457414764427e-01 3.591657238345056680e+00 1.994759031269926819e+00 -3.871826897210397078e+00
6.756575454536706271e-01 2.429177458932506584e-01 -3.726521966586304302e+00 1.268340281820095061e-01 -4.671544069255113563e-01 3.535099263532632374e+00 2.039190215426804009e+00 -2.331462890451067249e+00
1.952404629496966137e+00 -3.189644371202484674e-01 -3.171996599427584496e+00 1.680479429746031539e-01 2.159791168260489336e+00 2.255644671351838770e+00 2.154512294729890698e+00 -4.817546911317983849e+00
6.298625446041027587e+00 -9.812773476039484688e-01 -3.898562881687673176e+00 1.375531727846470986e-01 3.829250735772351533e-01 2.215154734122934066e+00 2.188463466776713773e+00 -1.920815171317805437e+00
6.027162362979666677e-01 -9.600014386006910927e-02 -3.845653302500685378e+00 9.660337507207444885e-02 1.132366544119644436e+00 2.582197832905925416e+00 1.976693527726001154e+00 -4.418938369362042096e+00
2.080049741697018728e+00 1.044132488294961858e+00 -2.859440228040639909e+00 1.021851052807913884e-01 7.808102517974510048e-01 1.942414408820991811e+00 1.701087413176917806e+00 -2.948671245041241562e+00
2.281380977656399800e-01 -8.368248823886683674e-01 -4.277396200728476039e+00 1.355074464191895756e-01 5.692833041437034280e-02 3.273959386835504581e+00 2.151518255855367823e+00 -2.464095403543376861e+00
2.499557912254760872e+00 1.743235986921147784e-01 -2.928740725433018444e+00 1.665886218192388912e-01 1.346216996889908701e+00 2.763066123340257363e+00 2.081106301844130257e+00 -3.418889076481669953e+00
1.181876460275290697e+00 1.290523245384282980e+00 -3.088402500359524350e+00 6.446131321458228869e-02 5.395280438489155062e-01 2.375486000402883935e+00 1.462533788508870058e+00 -6.173286917521065398e+00
1.356638456086453726e+00 1.179171380070863417e+00 -2.826453410109782460e+00 1.491577165715936015e-01 1.198506386531196677e+00 1.475694626607184201e+00 1.764171159827986335e+00 -2.301049012603065158e+00
1.409819995079215627e+00 1.147148804084487494e+00 -3.189802522846562738e+00 8.152430627724654988e-02 -1.334518680013983882e+00 1.486795581020787349e+00 1.662386049468475235e+00 -4.660370747293416827e+00
1.540676069758128985e-02 4.136920561544835118e-01 -3.779060085093827848e+00 1.115192803109884834e-01 3.158941732364716204e-01 1.980873784687719130e+00 1.883320171970451096e+00 -4.302865105173099280e+00
2.158054064971801189e+00 -5.574058933334427035e-01 -4.159668729695291667e+00 7.038660524130047058e-02 2.921241370869386067e+00 2.789206895636041850e+00 2.031851298615534152e+00 -1.433139129572574832e+00
3.989724855730321540e+00 -2.595703132351030451e-01 -3.022306941671895952e+00 1.590379744630560921e-01 1.468838910151766486e+00 1.922493029802534004e+00 2.123163826098856788e+00 -3.606138856972871842e+00
1.243266225891062060e+00 1.055767627037503154e+00 -2.811066703853867033e+00 1.351186092929062832e-01 6.947990657486399213e-01 3.196357935331155531e+00 1.727430330264970948e+00 -2.768993757271035250e+00
1.651981340250763930e+00 -1.173009865882806424e-01 -3.625736432282107291e+00 1.048246511284012805e-01 -1.721892089010990112e-01 2.554371205147205615e+00 2.019539014259419396e+00 -2.736937264350477239e+00
8.400203888773696281e-01 1.472438227480515893e-01 -3.342363944956737498e+00 1.586018381195936633e-01 -1.127367785878604645e-01 1.703542991731716638e+00 2.081969254293258409e+00 -2.152946406066293505e+00
3.788120812435570528e+00 2.475432111905983001e-01 -2.838687368586888748e+00 1.530537687174642336e-01 6.538468633042446854e-01 1.989730548179595937e+00 2.033378601557883858e+00 -2.799212543631854899e+00
4.587922271201742674e+00 -4.400817487474550926e-02 -3.079717906978638453e+00 1.096440113116927684e-01 2.058087387508543031e+00 2.471726692997266106e+00 1.987280581847035377e+00 -2.877725551871931131e+00
1.517128295934939697e+00 2.172958560147428830e-01 -3.364309273881011642e+00 8.483738800815165959e-02 1.600763276903013566e+00 2.264268270144646156e+00 1.894881071774301207e+00 -3.378280454714820635e+00
