1.672066212508089622e+00 -9.418428193945597826e+00 2.296723901813757962e+00 2.096968806988264156e+00 -1.132349807887158022e+01 -3.640580507674138655e+00 3.497042464811433993e-02 -1.064083899307631947e-01 1.247950253605911164e-01 -9.679262632484177120e-02 8.580283720299987371e-02 -5.714703353148008896e-02 1.414521267241349543e-02
-5.058119431382701592e-01 -7.989256195582949083e+00 -2.497755163237044551e-01 3.293359597113519222e+00 -1.320085958604749976e+01 1.607390363119861831e+00 -4.735630864244267518e-03 -5.115571326642056466e-03 1.953182363466300642e-02 6.409557054764734169e-03 -2.820883153811258592e-02 1.370900070319194808e-02 -2.477791581327989240e-03
3.587633692522007145e+00 -5.386175720761968932e+00 2.606162944077552446e+00 -1.433223191681545217e+00 -6.600078415305739910e+00 1.740450948339938853e+00 1.583307544511893331e-02 -4.708250700246058990e-02 3.100686846261214297e-02 3.187844207615574826e-02 -4.908302487953687676e-02 2.051794834747320412e-02 -4.054663639820391130e-03
2.537004645677156667e-01 -1.239421030863552886e+01 1.344214118623459964e+00 2.226354534976311861e+00 -1.271183636822334684e+01 -8.823326947667897713e-01 -3.135498599338075454e-02 2.981639708298896435e-02 5.458996231919169967e-02 -5.197943978391345032e-02 -2.995330598773271805e-02 3.635097665375964376e-02 -8.200381744737399864e-03
-5.259272828385375576e+00 -1.522814833778173949e+00 9.376045638244110414e-01 -4.031232590118305481e-02 -3.697490723713170890e+00 2.196303212845464259e+00 -3.672155287958621395e-02 9.516431351999643518e-02 -1.452332655368295811e-01 2.288179941905126857e-01 -2.371764935692697862e-01 1.138635523019156520e-01 -1.945568910059357337e-02
-1.973201962831272915e+00 -3.493098876790361018e+00 1.012480944574644326e+00 3.612871902002402491e-01 -9.570100760396210049e+00 6.854613152238558271e+00 -3.031800906657791672e-02 7.777777835771408632e-02 -7.504766953179665967e-02 6.932779934615412865e-02 -8.954308785376607904e-02 6.698332818484425966e-02 -2.068123770792777705e-02
1.282592068105388616e+00 -6.569536717997441322e+00 4.694575712640483012e-01 5.234858768800623174e-01 -1.079776532043249837e+01 -3.670991504772800340e-01 -1.851341048318210641e-02 2.749336632797710900e-02 2.141284034977328915e-02 -6.747366206565415248e-02 6.007392016672899460e-02 -2.951346525498110135e-02 5.713808905972429797e-03
5.863929097521481282e+00 -1.098904257064305590e+01 3.962555917768696645e+00 1.612451683910020472e+00 -1.182903285012077710e+01 -4.265216871407380594e+00 2.449326093969726031e-02 -9.106669403683846642e-02 1.530599990803057087e-01 -1.561569704861260899e-01 9.783494022218318376e-02 -2.832837747631159267e-02 -1.254438346594792877e-03
-2.404136499617228750e+00 -4.225229230417419934e+00 -5.204672654284303590e-02 5.096948195588079322e+00 -9.321792960604010858e+00 -1.602129212233265099e+00 1.663156962497864058e-02 -4.512020578544558014e-02 4.702021051478444402e-02 -5.619618581271721564e-02 9.053373740919692936e-02 -7.450429132155102219e-02 2.135826887967032933e-02
-5.601585436604739066e-01 -7.043698931862743429e+00 -2.583859924477950987e+00 -6.988380884800118320e-01 -9.500466369063646610e+00 2.960574018511415773e+00 -4.792413400015926861e-02 1.038664093458978310e-01 -6.703859003999294852e-02 6.422849439082439771e-02 -1.307166926072476643e-01 1.077507849314663924e-01 -3.183928812954314042e-02
4.468745058865698283e+00 -1.579876158456615443e+01 -6.366170060308682377e-01 2.659364658232791001e+00 -3.340445355761126223e+00 -1.270841806816565667e+00 -2.924616051395417804e-02 5.511990820480912323e-02 -7.113901440946163168e-02 1.578491378330995620e-01 -1.912755390189785909e-01 9.269181589585623326e-02 -1.462388132755264303e-02
3.757387391692801337e-01 -5.677876476389636551e+00 -2.865738732958718060e-01 1.318849131151522691e+00 -9.111702109940667427e+00 3.037603936381170766e-01 3.173133467258167778e-03 -2.331798780167667479e-02 3.750154008517648380e-02 1.858918627834899723e-03 -4.952442974634049810e-02 4.342618325041877614e-02 -1.453562816595828019e-02
5.715764424426986068e+00 -1.209527401266585933e+01 -1.718121781977443696e+00 1.904633135281406098e+00 -1.395383838046203095e+01 2.013482016887059523e+00 -3.664995558369646411e-03 -3.686917135928644007e-02 8.069971861117077039e-02 -2.423169668060269621e-03 -8.185735524781473371e-02 5.442274554865154934e-02 -1.123303309886660578e-02
2.263698997630119614e+00 -1.536259487920760058e+01 7.423779061981166105e-01 3.219226598458299282e+00 -8.717459794864737432e+00 -6.064187626388666263e-01 1.503088689235287413e-02 -4.869273991294557902e-02 6.280020432610830539e-02 -3.851260768577765420e-02 7.099069869385341014e-04 1.927019645328535702e-02 -1.233027166521449836e-02
-6.850840314460686642e-01 -1.360784052683371037e+01 1.199454659855049066e+00 1.173279831410495300e+00 -1.356923350980197895e+01 -1.748777534876835071e+00 7.085880175374904832e-03 -1.808056955768390373e-03 -2.280270504170164164e-02 -1.732297916752176259e-02 1.052111584634272123e-01 -1.010386385586231200e-01 3.076497321191609680e-02
-8.662172255331713089e+00 -1.716525334776672906e-01 -9.041876278965272906e-01 6.662192887709073030e-02 -1.027970335124773626e+01 -1.666263415064075382e-01 3.778051051496082724e-03 1.573310194931794304e-02 -6.585581186395222941e-02 6.354225739037958065e-02 -4.080523616947578924e-03 -1.851706252033794020e-02 4.412862634082727331e-03
3.370634706552402271e-01 -6.162949798790128497e+00 1.828028493037210600e+00 2.826349202437433927e+00 -1.189473547411573406e+01 -1.664827510425189283e+00 -2.195518041583734148e-02 1.644102105995387877e-02 5.498749014499797888e-02 -4.723490154683211706e-02 -4.240685321972432337e-02 5.785374637243308193e-02 -1.904396554554747129e-02
7.556592537995276970e-02 -8.463578540655749549e+00 -7.116100809272015715e-01 1.911777251205210915e+00 -1.282228817610130633e+01 5.354196742268968467e-01 4.561145036296088487e-03 -3.092965263198347095e-02 6.378545219110615117e-02 -6.770836509337743725e-02 5.592330914201688874e-02 -3.607025207725118865e-02 9.894664783159206820e-03
-1.348542733262648952e+00 -2.312694854169683900e+00 2.350644097956682277e+00 5.805078538848634118e+00 -6.023058781249976512e+00 3.372735757525033851e-01 1.956810358259609625e-02 -5.852787844859823341e-02 4.520745269391443499e-02 1.343726185865812273e-02 -2.091639489785533657e-02 -3.123870252603334896e-03 3.659734099081603156e-03
-6.304221865869639174e-01 -3.984067396155132279e+00 2.037862763098419627e+00 7.420724420211600503e+00 -6.840413443427689089e+00 2.266695254855951358e+00 1.791823710317878848e-02 -3.918907245025533836e-02 4.865303984872018650e-03 2.992717537308452191e-02 8.694510128838192631e-03 -3.774229262926462325e-02 1.526633830996505098e-02
2.918952871303326368e-01 -7.320373668932163014e+00 -4.540991138844916453e-01 2.552421864681098107e-01 -8.420462094485840154e+00 -1.262139134193438705e+00 -8.577727885792467422e-04 -1.457206382505887160e-03 -9.962834005952485306e-03 4.398521515914576713e-02 -4.968274357425549181e-02 2.110995918513118574e-02 -4.059342779692279128e-03
1.128110040915691670e+01 -7.323532649408353912e+00 2.502538273559989701e+00 1.052583112187148728e+00 -7.064127522866543885e+00 1.729562420869452666e-01 -3.533407397582987060e-03 -5.061113878039666045e-03 4.262185031210438679e-02 -6.166811942002171920e-02 3.277978666220720400e-02 -2.327433088702890798e-03 -3.961735117494431802e-03
-4.095765823239596592e-01 -1.076711527883009367e+01 1.686545917597433775e+00 2.079444102150369567e+00 -1.072009471687514193e+01 -1.930332525332189686e+00 -2.229440065452626893e-02 5.230582193664302937e-02 -2.867329876095134344e-02 -1.439662508682403030e-03 -1.789829519844634426e-02 2.960365439327553028e-02 -1.301243819540686200e-02
-6.037517122429458816e-02 -1.089302780009807137e+01 9.750114752290897080e-01 3.111107852736135548e+00 -1.216800255665138408e+01 2.252622457130134537e-01 -1.033094143326027808e-02 9.115245023771229027e-04 4.392167416823693216e-02 -3.471752093660122884e-02 -2.355132926513395231e-02 3.494066622414637724e-02 -1.242349060610540776e-02
7.758045418098049595e-01 -1.052109336271463924e+01 -6.167365309874630164e+00 -1.952867811448918633e+00 -9.748990074289620722e+00 -3.326001789397645680e-01 -6.269779828189267490e-02 1.233410599263300711e-01 -5.407049686442860770e-02 5.415315447515341857e-02 -1.619683119995387610e-01 1.396958928234942887e-01 -4.020662066027017034e-02
-1.896219871139098068e+00 -3.433879465799289932e+00 -9.034256628486283525e-01 5.738613882779287856e+00 -9.241321442697969957e+00 -5.901464675569072504e-01 2.191533672625869955e-02 -3.129486739744780782e-02 -3.057979980202293196e-02 4.583649189564840964e-02 3.869257550146792957e-02 -6.719529019185718766e-02 2.234569525813050184e-02
-3.218155510398324815e+00 -1.635341988294601201e+00 2.829949258277530078e+00 3.559267332615964285e+00 -1.669768537641732209e+01 1.157186312272054707e+00 6.944870439940405843e-03 -4.865486021048155002e-02 7.083736145386104743e-02 5.261597359911083377e-03 -7.085904874065435122e-02 4.531129999321914514e-02 -9.808690619045839013e-03
9.292065119640791071e-02 -3.715938931350916352e+00 1.581286197610996869e+00 4.509828531599543666e+00 -9.846256294877008486e+00 1.487632728974208618e+00 7.132721279773709261e-04 -2.100452743077790146e-02 5.166139252977433594e-02 -3.347699671668520616e-02 -1.261953768277767479e-02 2.190240231964419790e-02 -8.296861403059399218e-03
7.570475532023738907e+00 -4.958396890511433064e+00 3.082128974134954014e+00 8.019576438933011531e-01 -5.639809004182392727e+00 -2.661102862829364035e+00 -6.758272507064549267e-03 -4.807500685683911701e-03 5.074592764019669744e-02 -7.059916867832696785e-02 4.907528666526911332e-02 -2.404993732776929127e-02 5.767166129012488845e-03
3.516866336257463921e+00 -1.023144046924653239e+01 5.621192808947557129e-01 2.631414607699456010e+00 -1.026419759371034601e+01 3.761375789824580984e+00 -1.095204851210663730e-02 -1.350637269573681104e-02 9.484325000626163404e-02 -1.149385839136344289e-01 5.767349579490636813e-02 -1.638276859283359019e-02 2.466455984117449200e-03
5.974107909713275433e+00 -6.678688698396438639e+00 -1.528267083535994608e+00 -7.887389400403319595e-01 -1.310165392540502083e+01 -2.112088303423847790e+00 4.185657923000180372e-03 -5.146216835682435042e-02 1.186981065748499986e-01 -1.139317336520308671e-01 6.818158569184282203e-02 -3.743934868386211701e-02 1.146570568076704134e-02
5.348074249170162275e+00 -7.135429954437202404e+00 2.243084264633039560e+00 -3.980545244788938675e+00 -9.646960022258184608e+00 1.663644289298122469e+00 1.112123884282998623e-03 -9.330710484432380367e-03 -1.390016927833105913e-03 4.196638851953251453e-02 -4.876354485062230071e-02 1.818014586696606663e-02 -2.647724642013866286e-03
-1.299084690648720120e+00 -9.309643768025340549e+00 5.469536713648176729e+00 3.838148137898408141e+00 -7.785390833449117309e+00 -4.055259793275607372e-01 -2.699441482093360364e-02 4.074749579378376951e-02 1.748776123348647071e-02 -3.896996464074840849e-02 -9.683155750166455578e-03 2.565988169982565473e-02 -9.353936317607097067e-03
1.589714682680123392e+00 -1.277209962701115664e+01 -5.566058533157134391e-01 6.038664283242054509e-01 -1.492890605914367974e+01 -2.726125836931304836e+00 2.371146733678837493e-03 -2.248480990039608204e-02 3.252636708735916898e-02 1.036833229238760465e-02 -4.512971649595611673e-02 2.869219833933103411e-02 -7.406371248349410616e-03
-1.928489409316329173e+00 -3.343472844240035435e+00 -6.178235386695050124e-01 2.463477094817476676e+00 -7.119617142924147046e+00 -5.156937975038454525e+00 -2.665344382861396452e-02 5.929932152710930271e-02 -6.352001786305400133e-02 8.705499942537220370e-02 -9.370639386344276067e-02 4.412428035097762380e-02 -7.396915210926353207e-03
2.631226456114269752e+00 -1.066332201837377625e+01 1.544030927676836029e-01 1.156178128991804055e+00 -1.253778437647443056e+01 -6.241288263533760761e-01 -3.129902931282787376e-02 5.646363008323317112e-02 -3.426610952978779295e-03 -1.571206719306338789e-02 -4.170429475355795501e-02 5.188901950945974673e-02 -1.753306904072420014e-02
1.974712794865597809e+00 -9.662778269005553256e+00 9.683244460704985013e-01 1.963692857828500671e+00 -6.840633861492369405e+00 -1.581833209749400337e+00 -3.728312423598972858e-03 3.943104063735783371e-03 -1.484217753513351890e-02 3.583750273114842677e-02 -1.453401245554763500e-02 -1.685481998639731110e-02 9.839242941848593688e-03
9.129561608999199329e-01 -7.461280381609928014e+00 1.863774818393133526e-01 2.109831773587779402e+00 -1.050462802608146440e+01 -4.603540777310200838e+00 1.736294713223773822e-02 -8.238130709154395381e-02 1.613433736290465770e-01 -1.798029815548544130e-01 1.351278181682663559e-01 -6.767937835807166791e-02 1.557451355167621850e-02
-2.311888947901776348e+00 -5.224050452477792206e+00 -1.462325553450123827e+00 -7.025329574696090873e-01 -1.239052113153825907e+01 -2.837514369780421486e+00 2.223449303941500699e-02 -5.781882616188212254e-02 3.003233187305496057e-02 2.916405754456075777e-02 -2.423466790122584189e-02 -2.248954078664024137e-03 1.912051352866012350e-03
2.303543375260022064e-01 -3.600959990588536108e+00 2.758708741594066982e+00 1.613862779919800872e+00 -8.338802292166143104e+00 -1.198523290072562197e+00 -2.129903748227962232e-02 6.193917935351067605e-02 -7.018877841436600706e-02 3.203936646974109292e-02 1.489410590405810912e-02 -2.675566514484647995e-02 8.785862414327836115e-03
-9.792986663398588476e-01 -3.668066286934260845e+00 1.976511361118636678e+00 5.066714589423315651e+00 -2.435611198029348401e+01 9.711492727261668012e-01 2.148570894516218382e-02 -7.861975602993864776e-02 1.241856231547312783e-01 -1.324215762515767170e-01 1.179991441154750187e-01 -7.061123651223881470e-02 1.757328775900095577e-02
-3.144192265107350615e+00 -4.510444475211030202e+00 3.292038280372968195e+00 5.441536816575311519e+00 -6.990780422881943679e+00 3.204641125258249623e+00 -1.835085064830038401e-02 4.796316341331358091e-02 -5.576870081283624714e-02 5.518663237464604271e-02 -4.423486014618011053e-02 1.744313860521685966e-02 -3.087016188308055499e-03
-1.459119987049228850e+00 -2.211284477898303180e+00 -1.936684204422687516e+00 2.687447813422463305e-01 -9.870963769409531352e+00 3.859604585004878796e+00 1.585159987417352617e-02 -4.333957416975811605e-02 3.275074974848776743e-02 2.157630436040881838e-02 -6.129450611536213511e-02 5.194956177304360656e-02 -1.929477758058772974e-02
1.690086870764270444e+00 -6.494232263460204990e+00 2.510964086515695470e+00 4.216325658426187672e-01 -1.308612980868824849e+01 -7.040520360493589536e-01 -4.602605258393292070e-03 2.299747440051305714e-03 9.736734139506333929e-03 -9.184574776692745746e-03 1.113924346027357973e-02 -1.687973981373791510e-02 7.028088209231226138e-03
-2.442273512276084801e+00 1.210279608929555550e+00 -2.034330402783892211e+00 1.859486648719328894e+00 -1.283598226389572794e+01 4.857774756657954107e+00 -2.918579032676108659e-02 9.359076118941966893e-02 -1.383777490534836285e-01 1.312988941750518335e-01 -7.840184198067490229e-02 2.430420826096156561e-02 -4.249342637649863169e-03
-1.457197388480852673e+00 -2.662413837368516667e+00 1.535084124424053176e+00 4.957274198785122543e+00 -1.191225431381887745e+01 -1.550487296284861927e+00 -1.860535146756323033e-02 5.549964740637965133e-02 -6.045002539391028384e-02 2.396236789230048875e-02 8.127626583625410794e-03 -1.095412658505815623e-02 1.457974878425904834e-03
3.082944753661982951e+00 -1.401289223015145602e+01 -5.411040162869021897e-01 2.197217458704090465e+00 -6.349428633483919171e+00 -3.175496775724999665e-01 -2.222653580691077296e-02 5.240041915648714632e-02 -7.411323420930712724e-02 1.196839202373044808e-01 -1.237845750180082971e-01 5.665875947215336106e-02 -9.403538180928341234e-03
8.824255154365798770e-01 -1.185815834187480178e+01 8.876212552531806965e-01 2.090225024079928495e+00 -1.096763863589976573e+01 -1.998504525086624461e+00 9.570904236575089249e-03 -3.347913073678784879e-02 4.806868238735426124e-02 -5.653625692252214896e-02 6.973763126369891818e-02 -5.164551380501981870e-02 1.372541941930020132e-02
-3.319476382451358454e+00 -4.828394934678696515e+00 3.700290610248322842e+00 4.012920242441055052e+00 -7.073216818687326324e+00 6.107997382540746312e-01 -1.322670348337174132e-02 6.757797721156370147e-03 2.317193783224644546e-02 4.767328426093543625e-03 -4.606806085928886324e-02 3.100766790698995107e-02 -7.429559000289073095e-03
5.498564730606078754e+00 -4.956582920361086941e+00 5.028795102751288937e-01 1.263890862986686070e+00 -1.460141546968070081e+01 -3.284639472579756525e+00 1.021320004093110440e-03 -3.563747422325054537e-02 8.470936308061330355e-02 -7.269259679429615484e-02 3.580519242200214114e-02 -2.035388617195658945e-02 6.613472909623215740e-03
2.861890408807895803e+00 -8.693363712771772001e+00 1.567278985935091740e+00 -7.459719274148848278e-01 -1.016723548794797694e+01 -6.199825068153795193e+00 -2.090068056339509928e-02 4.200206995173667857e-02 -2.090192667681711747e-02 3.259460439764487460e-02 -8.605307527916884747e-02 7.649552776200288506e-02 -2.493186232835812449e-02
-3.029881017949637823e+00 -1.685639090025836673e+00 5.236646587624967708e+00 5.560389983090281874e+00 -6.705169341538617545e+00 -1.838704270246689365e-01 -1.652546276673917333e-02 5.643844399101151377e-02 -6.650029875081721331e-02 2.862257373320090115e-03 6.532301249762342832e-02 -5.588879170734587648e-02 1.355978325438639970e-02
-4.442232462642525803e-03 -1.278532800741095699e+01 -5.599645325442716981e-01 8.201545976068347343e-02 -1.296553888405863120e+01 -3.240164387184054640e+00 9.250029840260385466e-03 -2.558011358504481622e-02 9.553807306711660507e-03 2.103651254895793493e-02 -7.502420541877274918e-03 -1.318608159847377628e-02 5.722236649349843329e-03
-1.666340003835031780e-03 -1.387523595887950201e+01 4.219137665228531731e-01 5.323707957768956334e+00 -6.867153144545116383e+00 -1.076574316577860513e+00 -2.760025835828846391e-03 -8.721869743199717195e-03 -4.197504193991744015e-03 7.146755810685163912e-02 -7.943343762322291335e-02 2.065592707517290016e-02 2.644753289658208564e-03
2.526868535243805169e+00 -7.885403950337137147e+00 -7.070502020697473355e-01 1.110543894510901408e+00 -8.550563204325733579e+00 -5.066182576394526738e-01 7.514387954226129512e-03 -2.448639525656379212e-02 2.409512868208618652e-03 4.905831127542989445e-02 -3.935132779810292941e-02 -6.644792243571534529e-04 4.945044925165091240e-03
1.807726254228549712e+00 -7.820889705773466538e+00 2.092071766030664470e+00 6.098312464823885115e-01 -1.118211847577477158e+01 -8.521377813250188282e-01 -2.227315170995999155e-02 5.469572539694558116e-02 -3.596806052660629638e-02 -1.019403105550474586e-02 2.468738810561571517e-02 -1.358337014120351155e-02 1.750002473515374982e-03
2.726868951716888478e+00 -1.048155355347294027e+01 -6.151414460743600543e-01 1.424762390370844622e+00 -6.897316725668137138e+00 -3.051412684942683473e+00 5.192321929663958405e-03 -1.838754890464738834e-02 1.046969855584055017e-03 4.957570256059622149e-02 -5.132115946664787126e-02 1.145107024840483212e-02 1.910084034421558746e-03
-2.271773228738514394e+00 -1.524381902857169280e+01 -1.419715947918773979e+00 3.632510279085364946e+00 -1.314642583608986826e+01 2.101360814484337869e+00 -6.638003794311821137e-02 1.001304422810476574e-01 1.472353911207587018e-02 -2.270096386056713600e-03 -1.353253548251293903e-01 1.158017629451410235e-01 -2.756251158751740760e-02
-4.017923101223828120e-01 -8.019866197266962260e+00 6.746433855098654675e-03 2.388940937142572274e+00 -5.669123779444865896e+00 -6.093987380252810837e+00 -1.161669473675693530e-02 4.867857993172389208e-02 -8.968960522277555358e-02 7.396898620116401646e-02 -3.684433136271279829e-03 -2.939459049526117751e-02 1.120145253410902500e-02
-8.568752185166914614e-01 -2.448406369915745007e+00 1.702539100285906493e+00 7.499783229049082678e+00 -1.069046017561188577e+01 1.955108805689618201e-01 2.461529840588243950e-02 -7.915814362150680461e-02 8.329577635836671323e-02 -3.517205319647385281e-02 2.646043055232617791e-02 -3.211671234844405698e-02 1.162964794015050249e-02
-1.791435699243209445e+00 -5.462694334905801696e+00 1.021669100642062844e+00 4.066979100527532864e+00 -8.063874148480385529e+00 -3.497452546166031517e+00 8.570105510064714160e-03 -2.412160772083879468e-02 2.054063011566835406e-02 -3.369756599556072985e-04 -6.384141444107330199e-03 2.880156290749329162e-03 -2.189047667427133914e-03
1.369662872815170740e+00 -1.611303002272602924e+01 -2.462576297290061111e-01 3.500767390775727073e+00 -6.889465922629667283e+00 -2.016350822939799947e+00 -2.140045347968381334e-02 4.056228963956750450e-02 -6.038372371709666009e-02 1.280732762413419601e-01 -1.328890154759295728e-01 4.741241258770638456e-02 -1.581424605471544106e-03
3.071504206011901328e-01 -9.152950439406298599e+00 1.500707378549390958e+00 5.453361046678983470e+00 -1.436682302870122996e+01 -4.173264577077584470e-01 2.352050252945823289e-02 -7.666097026824997274e-02 8.435701788341389007e-02 -1.907756053702330118e-02 -3.497706615229084770e-02 3.463943689142499893e-02 -1.334149776128927024e-02
-4.512269129976642645e+00 4.014916129326837613e-01 2.038378484158441584e+00 5.260472918243795704e+00 -1.042797971199366458e+01 -3.010157381031632884e+00 -3.396294959642262579e-02 5.638126047718106798e-02 9.485916003801858620e-03 -4.136530497328860800e-02 -9.811665525327958881e-03 2.872344063078421939e-02 -1.059763524845584379e-02
4.310292018499188416e+00 -8.974494112103410970e+00 -1.277971628523942860e+00 1.630503035664704115e+00 -6.993367399365295611e+00 2.284650653561408618e+00 -1.326248207034676045e-02 3.879865555968125840e-03 4.483366247012219447e-02 -3.560286595328952808e-02 -1.843485160582156168e-02 2.558862776381704354e-02 -8.040752731922853891e-03
1.281864562002839714e+00 -5.341946438946990838e+00 1.937741176789753439e-01 5.225717934515596852e+00 -6.435908826905352598e+00 -2.467453823730339391e+00 1.243937064914890644e-02 -4.805085642779946542e-02 5.346390532956152297e-02 -1.341678082938418948e-03 -2.555378524867644996e-02 8.055586054717414624e-03 2.820289208581953921e-04
2.498991677268191935e-01 -2.462490368803413876e+00 1.359065478263373539e+00 1.587052081389862535e+00 -1.089665294568295018e+01 -3.302549869171570229e+00 -2.899081825439261614e-03 8.176125615836409011e-03 -1.115849636020993171e-02 -7.821852167901426067e-03 4.732917790333639879e-02 -5.006639182846034375e-02 1.615063170507697807e-02
4.784946448831996157e+00 -5.005642779263883568e+00 2.778392618370797429e-01 -1.854313184470868237e-01 -9.702564954969952637e+00 -3.532721171836731955e+00 -3.454093506443542579e-03 -1.959421017651374886e-02 5.787866353862662627e-02 -4.545488576048421075e-02 1.881389072630616083e-02 -1.432579672887504194e-02 5.552718305073612096e-03
-2.595807443716936724e+00 -2.269307294400949360e+00 -1.223180933410117355e+00 3.350867190334248846e+00 -1.018272290441505312e+01 5.615907363979191214e-01 1.113372079601894493e-02 -3.422843949368845756e-02 1.045440784930628392e-02 5.286873611049151822e-02 -5.139920310183521135e-02 7.160438794721127320e-03 3.474389907448808407e-03
-1.155619717560227855e-01 -1.239615320391513364e+01 -1.781988076926687981e-01 6.152722275653577100e-01 -6.851535087013118641e+00 -1.658785160468277065e+00 -1.942771336160632398e-02 3.432738503380824979e-02 -1.778148605041071639e-02 2.779828398314352494e-02 -4.494312180007173363e-02 2.306743360111107588e-02 -3.809909674634577581e-03
1.566593426705912506e+00 -5.425126950890286182e+00 4.522162404220702925e+00 1.150048249558632385e+00 -1.143018559155838787e+01 -1.401197507932711250e+00 1.404940574939072574e-02 -9.405655012206123877e-03 -4.237635053368812854e-02 9.900651109727154342e-03 1.097254752383027970e-01 -1.179270060639539541e-01 3.609912240972556335e-02
5.845661178449701456e-03 -9.522980503469634428e+00 -9.998391827286354783e-01 3.591916262165917750e+00 -6.311984863272641633e+00 3.045613793146773052e-01 1.222468674341535728e-02 -4.176065710096545092e-02 3.221532429785725626e-02 6.903724366689609204e-03 8.430399581924041819e-03 -3.159735465845477792e-02 1.320693085033944336e-02
1.266332495259101520e-01 -1.090722067210649193e+01 5.350583099658534181e+00 -3.512609319157373733e+00 -3.423828769773758829e+00 -7.517277412681970361e+00 -1.911580601716479991e-02 1.951782564980955592e-02 5.909763005706562822e-02 -1.369494087615789613e-01 1.361907352920765368e-01 -8.172951647235016104e-02 2.306956248260190120e-02
1.065377606932699006e+00 -9.262212142557526562e+00 3.372356767747352713e+00 1.061032622676658876e+00 -7.131849994677770255e+00 -4.482768012933700419e+00 -1.803428073781015994e-02 7.164782516034391702e-02 -8.546373700404635843e-02 -4.949939462976144823e-03 8.586842857963555842e-02 -6.353402914245762090e-02 1.371437246366828677e-02
-4.710375775771784568e-01 -4.032623650347112232e+00 -6.369478466983768961e-02 3.407903953453180979e+00 -8.962989586919162477e+00 -1.827470528905017488e-01 -1.720548329447717933e-03 -1.238712384950357848e-02 3.581767350550766477e-02 -3.984805819103311164e-02 3.916720200553443221e-02 -2.984211996296434743e-02 8.095458700501517724e-03
-2.472198648978707336e-01 -5.978279442622959294e+00 -6.346837688255839716e-01 5.864492541680274562e-02 -8.086936757798749653e+00 -1.980739983942320759e+00 1.333824820319419110e-03 -1.565201854099502674e-02 2.381887387892418079e-02 8.260519853916651820e-03 -3.657550712732479670e-02 2.502456148569542557e-02 -7.303806417419110922e-03
1.890360832299816440e+00 -1.090641071594598088e+01 -3.966984364409003039e-01 1.938551660397688892e+00 -9.384237171769198582e+00 2.753470281796698060e+00 -2.151365913200933497e-02 6.852340203612024283e-02 -8.902142254831679757e-02 8.180405167289027391e-02 -7.542555977378079257e-02 5.093374289001058319e-02 -1.681788236801975631e-02
-8.834779068357829779e-01 -1.258032656798634186e+01 2.158488746854636542e-01 3.036505029275126333e+00 -1.375492699960522103e+01 -1.146410884694438082e+00 -3.130213248488488559e-02 4.241117616878391922e-02 2.926168111589794868e-02 -4.662231450096931962e-02 -1.341221706951632384e-02 2.588012266554613403e-02 -7.052771640250196823e-03
-4.457897323205838092e+00 -1.376022657394375237e+00 -3.609676889321544735e-02 1.670357824047857154e+00 -8.942370136782098911e+00 -6.828693253344589209e+00 4.550627015188296598e-03 1.900804805054443630e-02 -6.238289250218397031e-02 1.410037701435753327e-02 8.114522746394174646e-02 -7.631521356040418813e-02 1.923090594370495052e-02
9.540948263208703928e-01 -1.232214999273950617e+01 5.596797938203341705e-01 3.033084047931354554e+00 -1.566937054374036009e+01 1.365276838578449059e+00 -2.043787110360092280e-02 5.487654075118382491e-02 -9.760926163811528555e-02 1.599188378709524849e-01 -1.571154954923590641e-01 7.379581033677032331e-02 -1.448657083738096561e-02
7.260651480797801760e-01 -1.177242049954279857e+01 -1.115120582765288137e+00 3.048131912610784866e+00 -9.071271055252990934e+00 -1.223915543071966372e+00 -3.676948920670621707e-02 1.127602619882233925e-01 -1.645528852500916517e-01 1.784209543043898949e-01 -1.421236691635861249e-01 6.516810702187701698e-02 -1.405455365703338864e-02
-1.743969565578145087e+00 -6.519590757862925301e+00 -2.319923531327049204e+00 2.004442629544058718e+00 -6.438421780629605351e+00 -5.182802477136947417e-01 -2.930904880156762204e-02 6.674868206982391416e-02 -6.253740994483900084e-02 6.859102500222953591e-02 -7.776141564734778688e-02 4.282021522170338657e-02 -9.527780517434825472e-03
2.118372533801282653e+00 -1.220509504568213899e+01 8.100894528067673628e-01 1.054861485514411612e+00 -1.517737712747396372e+01 -1.087128856833137647e+00 -1.264350601878364011e-02 5.735594696431779022e-02 -1.174520892646346015e-01 1.227598550890349194e-01 -5.453447522219995874e-02 3.993053453593756186e-04 3.355385631015242454e-03
-1.273736293542642173e-01 -5.588533101896920208e+00 -2.929117928303261564e+00 1.612269156535174108e+00 -6.260972909447751533e+00 1.786969897596119905e+00 2.562733792234999156e-03 -9.524457194564378559e-03 -3.745882932077969352e-03 3.741115503417092453e-02 -3.610288055668282176e-02 8.395875823724672365e-03 2.562962774684861625e-04
-2.652798607265443032e+00 -3.350053566843381958e+00 -1.675845596950571448e+00 3.311963106471757179e+00 -5.712451964654019498e+00 -3.751517698541218415e+00 -9.693267272939431675e-03 1.238827872011783598e-02 2.947485619064298817e-02 -5.053614398341654823e-02 -4.114095956620891781e-03 4.195415098033686979e-02 -2.140354077185387810e-02
3.020653249584080768e+00 -8.001604116901592789e+00 2.326251708603462198e+00 -8.587232547380567738e-01 -9.822255399607618287e+00 4.033946673457518006e-01 1.724804204409454561e-02 -5.025122257849946178e-02 4.587715040077891548e-02 -8.937646240036740963e-03 -1.038916463471678542e-03 -5.119094415241436102e-03 1.328859209637212047e-03
-1.108382598529745966e+00 -4.749477115642839031e+00 -2.055806365200785191e-02 2.081662125574355038e+00 -1.205482947638706648e+01 1.078373089289119680e+00 -2.724607344334786102e-02 8.080214359449726380e-02 -1.137041423041515176e-01 1.202639265612816533e-01 -9.319604379828012874e-02 4.094419782913613637e-02 -8.939690190683611398e-03
-8.620536654465271731e-02 -6.769647372207943548e+00 -3.218152297110424609e+00 1.177236702506124111e+00 -9.356048492986039022e+00 -4.486775439973351709e-01 -1.264841961783119348e-02 5.866322601978875284e-02 -8.352790883978396252e-02 1.398935556431862848e-04 1.080423540931772508e-01 -9.992801412869331545e-02 2.927468758211908273e-02
-2.403804261878292436e+00 -1.018442141302137571e+01 -2.040845378518634234e+00 2.685960365181618847e-01 -6.322772791043602680e+00 2.458234928556424226e-01 -1.743650317598315416e-02 2.397649721628476033e-02 8.580972640270068813e-03 -1.842914198579678753e-02 8.162829519834310932e-03 -1.090211790483810311e-02 5.586152270652457522e-03
7.379765713359416335e-01 -6.855742098197911361e+00 4.585102150043147695e-01 6.016403538039727383e-01 -1.282375889822718840e+01 -4.268072947257452121e+00 1.462273794468307506e-02 -3.187302683516417268e-02 -2.208238219269042374e-02 1.195714855951351963e-01 -1.276741161640292943e-01 5.871364509811157623e-02 -1.247834184527271337e-02
-7.149228455733709353e-01 -4.369284285742791596e+00 -8.622213815660844105e-01 -1.511779838344281535e+00 -1.598407903889314774e+01 -7.777666564699172724e-01 1.409216639579306471e-02 -5.156881825381762902e-02 4.561923915024604370e-02 2.590110456814016457e-02 -4.863570637475464475e-02 1.100556056843214614e-02 3.207618431835179348e-03
3.072451694191239646e+00 -1.048673598525176232e+01 1.011352253706334858e+00 7.459197573924036817e-02 -5.369531059278661367e+00 -7.230491920883896917e+00 -1.542217698126041245e-02 -1.026718362364828496e-03 5.036097965143164490e-02 -3.126496297689670967e-03 -7.183476897756133073e-02 4.954951404442758944e-02 -9.148313835048516376e-03
4.676710053164354619e+00 -9.971547174479526987e+00 2.242986719282031860e-01 -1.531862615098600777e+00 -1.183534039177952124e+01 3.744327837143781590e-01 -2.971651934145282462e-02 6.362334985219018912e-02 -2.818932534676348023e-02 -2.245554062574994791e-02 3.064014241136232136e-02 -2.076042871861733669e-02 6.340524707599336923e-03
3.303137031395077194e+00 -9.510949274819799015e+00 1.730356469476472148e+00 2.944004533815740565e-01 -1.619854993268720378e+01 -1.403710220194749780e+00 -1.874189851723840478e-02 4.728797238010282872e-02 -2.245646673739806753e-02 -3.725199215986302326e-02 4.923140837467385178e-02 -1.905632217816723151e-02 -1.676528878409716539e-04
-1.053246954186815021e-02 -1.445721623385785293e+01 4.153698056085931567e-01 1.303159197985893414e+00 -1.434214581026851221e+01 -3.091865996885062029e-01 -2.232881915040625317e-02 3.134662482970419772e-02 2.040146273201368793e-02 -4.751936995640113764e-03 -9.512418243665851647e-02 1.040539356077083977e-01 -3.562999829900265203e-02
-4.338909624568842105e+00 -1.038512953490597912e+00 -8.562826743135585339e-01 2.430632040734154842e+00 -8.215969568336140227e+00 -1.563493299758011101e+00 7.198072910481748826e-03 -3.431858404440821242e-02 3.309651133924026989e-02 2.500068383457938748e-02 -4.977011521106545350e-02 2.129655180380520679e-02 -3.416655526700985990e-03
-2.467048503365867340e-01 -7.917481992253534884e+00 -4.021142332549967335e+00 1.164887334320073631e+00 -8.668471150569130756e+00 2.761038140773623084e+00 -8.377798988053774751e-03 2.967260113259032051e-02 -4.994714219411650058e-02 4.568310175895543696e-02 -9.083452784118241363e-03 -1.631344124424269001e-02 7.911805848907698530e-03
9.993227985806251157e-01 -8.585260704166369550e+00 1.220266092379836742e+00 2.460317958053064302e+00 -1.080885661981297652e+01 -1.775198326169396879e+00 -2.804864459789785727e-02 4.390958353595583730e-02 1.119167557917085526e-02 -2.989696773121971324e-02 -1.536367178978988168e-02 2.528407238286952546e-02 -8.065965862998635688e-03
-4.954891355690501875e+00 -1.204598396198190979e+00 4.649096243524556415e-01 2.267223278670697617e+00 -8.132733952160432267e+00 -1.624225755332074028e+00 -1.609147085729055460e-02 4.349848834891548860e-02 -5.534908299777369090e-02 6.446288582301784587e-02 -6.322890554182307443e-02 3.521178375735341259e-02 -9.660956475464266974e-03
-2.516475420964068288e+00 -1.117134807108479677e+01 -1.859254929318455485e+00 6.598136252146867164e+00 -7.193854304385917331e+00 2.077856842055558317e+00 6.201455735731588315e-03 -7.067823752704274765e-03 -1.336290216296118910e-02 2.159007006204245044e-02 -4.407497399849538700e-03 -2.207609081102068771e-03 -1.941202818932709351e-03
2.937064393763553660e+00 -1.053412257261257956e+01 1.124695700307503099e-01 7.482680269747659096e-01 -8.183391559505427182e+00 -4.387708726856926589e+00 -3.818760968730804811e-03 -1.590899853920800522e-02 5.722208802061122535e-02 -3.264479643225334793e-02 -3.513049480762525656e-02 4.423545164154120413e-02 -1.529402349756410137e-02
-8.866696518171259811e-01 -8.892018254750968964e+00 1.506744697123680421e+00 5.085271660423638984e+00 -1.340524346832429003e+01 4.393581270106889924e-01 2.928226048725353532e-03 -1.960699094765412653e-02 4.886042235312997029e-02 -6.331427588369241410e-02 4.896685730826923211e-02 -2.125186643190275781e-02 2.456902872682745903e-03
6.799702686599546908e-01 -9.383108993741764436e+00 5.427942926629838460e-01 3.926613248093890007e+00 -7.620748773904336915e+00 -1.152988028949755162e+00 -2.110398919225259240e-02 5.202291804249275370e-02 -3.323102442703129711e-02 -6.824175387848564929e-03 9.208704880447032837e-03 3.342220030557535582e-03 -4.570516310640614088e-03
-1.569965251134903594e+00 -1.742023982112400837e+00 2.015097572322843256e+00 1.447638659287260765e+00 -1.299947795442495746e+01 -2.228207899994349539e+00 1.129575849683282784e-03 -1.011170051935475489e-02 8.693264531825367625e-04 3.142879924908727890e-02 -2.329255884097719553e-02 -7.315782333089958234e-03 6.887545734282143894e-03
7.396553700016519350e-01 -1.733228176023399669e+01 -3.250240504439689371e+00 3.892084759655090043e+00 -6.392461541686121684e+00 2.396079409129989291e+00 1.171754156221638948e-02 -3.369097333810525813e-02 -9.244290766179632385e-03 1.114111170558450270e-01 -1.206404952399750541e-01 4.297594608199896415e-02 -3.031694087695833810e-03
-3.995030063493884676e+00 -2.107646661254385378e+00 6.389647243310013769e-01 9.996894493809755922e-01 -1.312818483830605487e+01 8.227899529132138845e-01 -8.007660619299649535e-03 1.188211583494408474e-02 2.037056310475272858e-03 -1.447562739247452296e-02 2.456998153314782218e-02 -2.488207319496711298e-02 8.363772805665721857e-03
5.332822090766347500e+00 -9.672804844691867743e+00 -1.226902353859648409e+00 1.431399520900838329e+00 -9.833457491767189751e+00 -1.124979970671332152e+00 7.919663992985461615e-03 -4.827891451853903726e-02 6.819266642447052718e-02 7.828419995989448557e-03 -7.737382021460184611e-02 5.401646060438286545e-02 -1.342804374945657034e-02
-5.912465532982347227e-02 -5.981150700842235324e+00 -2.533374307501716771e-01 1.578910229304017143e+00 -1.128391578480155566e+01 4.015824783702989897e+00 -9.637088824360918321e-03 7.695473823959977921e-03 2.143417859606852605e-02 -1.415599515115912622e-03 -6.185724381259691262e-02 6.472499448340490735e-02 -2.262762425147996775e-02
1.114984437499832559e+00 -1.113192911293324805e+01 3.238651096174375077e+00 3.307790291731699917e+00 -7.723380789538127900e+00 -3.480852902769596469e+00 2.392284057219232207e-02 -6.021767457335566731e-02 4.951837943746124210e-02 -5.795206088022308161e-02 1.225796259631655588e-01 -1.129095900743848080e-01 3.535599609902344287e-02
3.137412248913312496e+00 -5.761838513371951187e+00 1.092537540201354407e+00 5.537246072388608553e+00 -7.555420853407360582e+00 -2.023115744975731101e+00 -2.308536391288919243e-02 7.790878158691141864e-02 -7.486528834661282383e-02 -1.125253769532550546e-02 5.244772131456951897e-02 -1.987011734748814207e-02 -2.698500588022343001e-03
-2.897694025240461269e+00 -1.080408151511025139e+01 8.114302937375633684e-01 2.577177593897038044e+00 -9.619513534441718861e+00 -2.797583896132647130e-01 -2.345217227050614209e-02 3.903393704740057424e-02 -2.889300645676202636e-03 4.491758259818172394e-03 -4.973657119886550071e-02 4.465743700696250124e-02 -1.327297044219746293e-02
-3.283043094050999144e+00 -2.578091354344149266e+00 -5.030398247786371790e-02 -3.114198591980161801e-01 -8.943937913206807977e+00 -1.680005425922838302e+00 -1.058343907688696385e-02 2.433291832980680885e-02 -1.371034469071117853e-02 -5.796105208719995461e-04 -4.469249966204826008e-03 9.351490967914962218e-03 -5.519000308901157725e-03
-1.862367858833094969e+00 -5.335738777724951198e+00 2.912162398914917461e+00 2.347925109689609435e+00 -1.236949679098859178e+01 2.554019249965575167e+00 -1.468206692183862683e-02 3.230346893929694069e-02 -2.092044327215145799e-02 1.002923638694606934e-02 -1.585723174667784396e-02 1.347110345655284577e-02 -5.455213152115261782e-03
-4.978273142475115876e-01 -5.771190724738132438e+00 1.246779130535831559e+00 1.846167090189096527e+00 -6.729353531203444483e+00 -4.137300611614311840e-01 -1.846535144788347821e-03 9.909365413430869240e-03 -2.390780079623613941e-02 1.748830363708726160e-02 1.702704163578622892e-02 -2.858721611740597246e-02 9.320261609539633868e-03
3.325377547728149530e+00 -4.860597504545199676e+00 2.181190743470579285e+00 1.024991021454991191e+01 -9.473118424903267609e+00 -3.695580307372019924e+00 -2.676779294634722486e-02 7.061158058278961536e-02 -2.964777480996884373e-02 -4.969893745801391705e-02 2.329433440536137628e-02 3.319012011883857444e-02 -2.319000051049264002e-02
2.661241990710569993e-01 -5.889648913319607715e+00 1.151462684578828055e+00 1.569972718948881685e+00 -1.153932409502368373e+01 -1.219231648219067710e+00 -3.099863884014703377e-02 5.934417688889109810e-02 -1.324248241553598396e-02 -2.428405147598940161e-02 5.456834811827272758e-03 4.805877256919617591e-03 -1.887697620307720800e-03
1.866442939557451108e-01 -6.170262908433565840e+00 -4.811079237994984048e+00 9.019200401972096159e-01 -9.409354076036681391e+00 3.125523657543523015e-01 -1.621638070359075062e-02 7.553497872278402969e-02 -1.078277677139351798e-01 4.915763630195394210e-04 1.386481533430235502e-01 -1.285438784400692036e-01 3.823542270071254856e-02
2.999217402598493898e+00 -6.630656880492203697e+00 1.632981835126409820e+00 5.798380971532402839e+00 -7.720666180704588655e+00 -1.890504774241672736e+00 -2.362614130019222852e-02 7.203157601541046451e-02 -5.666669933302632967e-02 -2.316419324636984078e-02 4.470416495107887300e-02 -8.676338392577462311e-03 -6.070611195270973065e-03
