# T1bar = 165 K, He mass abu = 0.275, H mass abu = 0.725, LM-H/He-REOS.3
# rho(g/ccm)       T (K)              P (GPa)            u (kJ/g)           s (kJ/g/K)
1.7009878520e-004  1.6500000000e+002  1.0000000000e-004  2.0194969273e+000  5.26913650e-002   
1.7979497892e-004  1.6910000000e+002  1.0833326848e-004  2.0521708111e+000  5.26913650e-002   
1.8783895651e-004  1.7242489214e+002  1.1541039139e-004  2.0785459773e+000  5.26913650e-002   
2.1075877564e-004  1.8157655614e+002  1.3638271913e-004  2.1502628955e+000  5.26913650e-002   
2.3211746136e-004  1.8974000000e+002  1.5697667111e-004  2.2132179397e+000  5.26913650e-002   
2.3647523567e-004  1.9125835044e+002  1.6120735345e-004  2.2258577589e+000  5.26913650e-002   
2.6532957841e-004  2.0094394793e+002  1.9007243292e-004  2.3059007099e+000  5.26913650e-002   
2.9770468345e-004  2.1120466510e+002  2.2420090989e-004  2.3895105311e+000  5.26913650e-002   
3.0296526786e-004  2.1289000000e+002  2.2999128162e-004  2.4031319735e+000  5.26913650e-002   
3.3403014876e-004  2.2172724112e+002  2.6414524505e-004  2.4788903159e+000  5.26913650e-002   
3.7478799120e-004  2.3275287901e+002  3.1119076941e-004  2.5722841149e+000  5.26913650e-002   
3.9837480768e-004  2.3886000000e+002  3.3950463539e-004  2.6235586875e+000  5.26913650e-002   
4.2051904258e-004  2.4443779682e+002  3.6679191607e-004  2.6701793729e+000  5.26913650e-002   
4.7183012616e-004  2.5684680484e+002  4.3257272967e-004  2.7729898455e+000  5.26913650e-002   
5.2034657854e-004  2.6801000000e+002  4.9793834559e-004  2.8644116885e+000  5.26913650e-002   
5.2940210885e-004  2.7003986489e+002  5.1046994528e-004  2.8809962922e+000  5.26913650e-002   
5.9399893587e-004  2.8399087025e+002  6.0260559881e-004  2.9942920994e+000  5.26913650e-002   
6.6647776789e-004  2.9872036576e+002  7.1157111347e-004  3.1127517983e+000  5.26913650e-002   
6.7603633329e-004  3.0071000000e+002  7.2663591282e-004  3.1286518982e+000  5.26913650e-002   
7.4780035495e-004  3.1356430138e+002  8.3849374794e-004  3.2397487043e+000  5.26913650e-002   
8.3904579839e-004  3.2904936074e+002  9.8781356596e-004  3.3724040154e+000  5.26913650e-002   
8.9036909935e-004  3.3740000000e+002  1.0751855444e-003  3.4432708940e+000  5.26913650e-002   
9.4142486980e-004  3.4546914060e+002  1.1643829630e-003  3.5115143129e+000  5.26913650e-002   
1.0562960773e-003  3.6283396418e+002  1.3730921959e-003  3.6576297245e+000  5.26913650e-002   
1.1664023237e-003  3.7857000000e+002  1.5831671267e-003  3.7893381287e+000  5.26913650e-002   
1.1851836919e-003  3.8118961307e+002  1.6199883737e-003  3.8111873572e+000  5.26913650e-002   
1.3297979740e-003  4.0063424853e+002  1.9125839454e-003  3.9724120518e+000  5.26913650e-002   
1.4920578674e-003  4.2116378969e+002  2.2586658819e-003  4.1412992342e+000  5.26913650e-002   
1.5205660405e-003  4.2477000000e+002  2.3220070523e-003  4.1708383878e+000  5.26913650e-002   
1.6741164621e-003  4.4311658757e+002  2.6697396693e-003  4.3206384947e+000  5.26913650e-002   
1.8783895651e-003  4.6629425021e+002  3.1563632364e-003  4.5085979955e+000  5.26913650e-002   
1.9728747737e-003  4.7660000000e+002  3.3903895862e-003  4.5917364035e+000  5.26913650e-002   
2.1075877564e-003  4.9043333065e+002  3.7298153337e-003  4.7068380573e+000  5.26913650e-002   
2.3647523567e-003  5.1570091599e+002  4.4074550349e-003  4.9158500846e+000  5.26913650e-002   
2.5682889091e-003  5.3475000000e+002  4.9708860065e-003  5.0723732894e+000  5.26913650e-002   
2.6532957841e-003  5.4233215239e+002  5.2111222790e-003  5.1359884740e+000  5.26913650e-002   
2.9770468345e-003  5.7007471750e+002  6.1590450591e-003  5.3679280153e+000  5.26913650e-002   
3.3403014876e-003  5.9916797940e+002  7.2792595044e-003  5.6099768153e+000  5.26913650e-002   
3.3472461846e-003  6.0000000000e+002  7.3048749788e-003  5.6168909189e+000  5.26913650e-002   
3.7478799120e-003  6.3061964140e+002  8.6188801666e-003  5.8700220390e+000  5.26913650e-002   
4.2051904258e-003  6.6358402897e+002  1.0206759716e-002  6.1413053180e+000  5.26913650e-002   
4.3423739874e-003  6.7321000000e+002  1.0702502969e-002  6.2202405328e+000  5.26913650e-002   
4.7183012616e-003  6.9804964275e+002  1.2085990145e-002  6.4288363754e+000  5.26913650e-002   
5.2940210885e-003  7.3426773733e+002  1.4316231932e-002  6.7319954998e+000  5.26913650e-002   
5.6451863443e-003  7.5536000000e+002  1.5740821337e-002  6.9081443950e+000  5.26913650e-002   
5.9399893587e-003  7.7236738867e+002  1.6966372772e-002  7.0518328924e+000  5.26913650e-002   
6.6647776789e-003  8.1243682757e+002  2.0116211815e-002  7.3898923550e+000  5.26913650e-002   
7.3335127986e-003  8.4752000000e+002  2.3189773161e-002  7.6852466908e+000  5.26913650e-002   
7.4780035495e-003  8.5491763615e+002  2.3873853639e-002  7.7474421452e+000  5.26913650e-002   
8.3904579839e-003  8.9993302824e+002  2.8359278683e-002  8.1253588142e+000  5.26913650e-002   
9.4142486980e-003  9.4739221951e+002  3.3708255148e-002  8.5230323678e+000  5.26913650e-002   
9.4848309752e-003  9.5094000000e+002  3.4103496033e-002  8.5527300291e+000  5.26913650e-002   
1.0562960773e-002  9.9641176462e+002  4.0048500831e-002  8.9503193545e+000  5.26913650e-002   
1.1851836919e-002  1.0476712564e+003  4.7654533782e-002  9.3995887783e+000  5.26913650e-002   
1.2357270392e-002  1.0670000000e+003  5.0809882831e-002  9.5697109228e+000  5.26913650e-002   
1.3297979740e-002  1.1007986724e+003  5.6802229390e-002  9.8770722408e+000  5.26913650e-002   
1.4920578674e-002  1.1564292432e+003  6.7711834763e-002  1.0384180250e+001  5.26913650e-002   
1.6169367617e-002  1.1972000000e+003  7.6555263995e-002  1.0756453252e+001  5.26913650e-002   
1.6741164621e-002  1.2153794819e+003  8.0732892380e-002  1.0922699276e+001  5.26913650e-002   
1.8783895651e-002  1.2778039856e+003  9.6310262128e-002  1.1494829679e+001  5.26913650e-002   
2.1044988388e-002  1.3432000000e+003  1.1466485793e-001  1.2095522206e+001  5.26913650e-002   
2.1075877564e-002  1.3440744896e+003  1.1492378644e-001  1.2103558240e+001  5.26913650e-002   
2.3647523567e-002  1.4141739564e+003  1.3740332069e-001  1.2751220656e+001  5.26913650e-002   
2.6532957841e-002  1.4878864187e+003  1.6509839549e-001  1.3441824117e+001  5.26913650e-002   
2.7301861764e-002  1.5071000000e+003  1.7287136643e-001  1.3622595103e+001  5.26913650e-002   
2.9770468345e-002  1.5667782427e+003  1.9868392326e-001  1.4185208655e+001  5.26913650e-002   
3.3403014876e-002  1.6509266508e+003  2.3919517214e-001  1.4981503887e+001  5.26913650e-002   
3.5215202378e-002  1.6910000000e+003  2.6093339945e-001  1.5366277086e+001  5.26913650e-002   
3.7478799120e-002  1.7399792122e+003  2.8914221311e-001  1.5837423869e+001  5.26913650e-002   
4.2051904258e-002  1.8348275024e+003  3.5076927006e-001  1.6762455549e+001  5.26913650e-002   
4.5191235660e-002  1.8974000000e+003  3.9623448046e-001  1.7378715128e+001  5.26913650e-002   
4.7183012616e-002  1.9348146526e+003  4.2589304156e-001  1.7762785815e+001  5.26913650e-002   
5.2940210885e-002  2.0381810158e+003  5.1867654159e-001  1.8846068090e+001  5.26913650e-002   
5.8243831721e-002  2.1289000000e+003  6.1251194822e-001  1.9815887101e+001  5.26913650e-002   
5.9399893587e-002  2.1477838898e+003  6.3368116111e-001  2.0024479867e+001  5.26913650e-002   
6.6647776789e-002  2.2612863163e+003  7.7615334029e-001  2.1306580594e+001  5.26913650e-002   
7.4780035495e-002  2.3818295082e+003  9.5345928382e-001  2.2700339316e+001  5.26913650e-002   
7.5205464853e-002  2.3886000000e+003  9.6360565686e-001  2.2779536441e+001  5.26913650e-002   
8.3904579839e-002  2.5122189598e+003  1.1763513499e+000  2.4246169991e+001  5.26913650e-002   
9.4142486980e-002  2.6497426637e+003  1.4578750149e+000  2.5935969402e+001  5.26913650e-002   
9.6501647719e-002  2.6801000000e+003  1.5290518570e+000  2.6326341811e+001  5.26913650e-002   
1.0562960773e-001  2.7958659774e+003  1.8183701229e+000  2.7816468846e+001  5.26913650e-002   
1.1851836919e-001  2.9470823516e+003  2.2784401568e+000  2.9908035149e+001  5.26913650e-002   
1.2531957678e-001  3.0071000000e+003  2.5526734770e+000  3.1014440084e+001  5.26913650e-002   
1.3297979740e-001  3.0740322548e+003  2.8784469133e+000  3.2277637396e+001  5.26913650e-002   
1.4920578674e-001  3.2089247010e+003  3.6399086618e+000  3.4966653637e+001  5.26913650e-002   
1.6741164621e-001  3.3563931220e+003  4.6133142773e+000  3.7998709693e+001  5.26913650e-002   
1.6949227621e-001  3.3740000000e+003  4.7326350164e+000  3.8354714341e+001  5.26913650e-002   
1.8783895651e-001  3.5255975247e+003  5.8429883309e+000  4.1441608017e+001  5.26913650e-002   
2.1075877564e-001  3.7162868188e+003  7.3824455035e+000  4.5298146939e+001  5.26913650e-002   
2.1954881912e-001  3.7857000000e+003  8.0147092083e+000  4.6775150733e+001  5.26913650e-002   
2.3647523567e-001  3.9126435291e+003  9.2866976225e+000  4.9651538442e+001  5.26913650e-002   
2.6532957841e-001  4.0205296718e+003  1.1598003413e+001  5.4482418950e+001  5.26913650e-002   
2.9770468345e-001  4.1021267469e+003  1.4472049145e+001  5.9854017007e+001  5.26913650e-002   
3.3403014876e-001  4.1887542756e+003  1.8013618916e+001  6.5824349639e+001  5.26913650e-002   
3.6785944230e-001  4.2477000000e+003  2.1556322652e+001  7.1314692858e+001  5.26913650e-002   
3.7478799120e-001  4.2591898346e+003  2.2313610496e+001  7.2433936553e+001  5.26913650e-002   
4.2051904258e-001  4.3011424216e+003  2.7526070837e+001  7.9689544150e+001  5.26913650e-002   
4.7183012616e-001  4.3552557473e+003  3.3944232463e+001  8.7677825966e+001  5.26913650e-002   
5.2940210885e-001  4.4677795657e+003  4.2473567623e+001  9.6584681521e+001  5.26913650e-002   
5.9399893587e-001  4.6452974327e+003  5.3891253248e+001  1.0660972074e+002  5.26913650e-002   
6.2739456058e-001  4.7660000000e+003  6.1174025309e+001  1.1185712579e+002  5.26913650e-002   
6.6647776789e-001  4.9846781786e+003  7.1128678971e+001  1.1888467193e+002  5.26913650e-002   
7.2481626959e-001  5.3475000000e+003  8.8182592306e+001  1.2962334795e+002  5.26913650e-002   
7.4780035495e-001  5.5456632624e+003  9.6010885923e+001  1.3455194000e+002  5.26913650e-002   
8.0352779518e-001  6.0000000000e+003  1.1644730965e+002  1.4628150055e+002  5.26913650e-002   
8.3904579839e-001  6.2888476091e+003  1.3063048625e+002  1.5369828801e+002  5.26913650e-002   
9.0704702945e-001  6.7321000000e+003  1.5944885155e+002  1.6756259388e+002  5.26913650e-002   
9.4142486980e-001  6.9736588794e+003  1.7530533062e+002  1.7462319898e+002  5.26913650e-002   
1.0395319371e+000  7.5536000000e+003  2.2365253658e+002  1.9462480871e+002  5.26913650e-002   
1.0562960773e+000  7.6737502263e+003  2.3281970581e+002  1.9832425856e+002  5.26913650e-002   
1.1851836919e+000  8.4718190065e+003  3.0782011348e+002  2.2650804874e+002  5.26913650e-002   
1.1868943290e+000  8.4752000000e+003  3.0879602277e+002  2.2681483274e+002  5.26913650e-002   
1.3297979740e+000  9.3520527020e+003  4.0439051664e+002  2.6033872561e+002  5.26913650e-002   
1.3573227904e+000  9.5094000000e+003  4.2404457702e+002  2.6675958277e+002  5.26913650e-002   
1.4920578674e+000  1.0332747202e+004  5.2875242207e+002  2.9926925904e+002  5.26913650e-002   
1.5555181884e+000  1.0670000000e+004  5.8102016709e+002  3.1459500283e+002  5.26913650e-002   
1.6741164621e+000  1.1338753547e+004  6.8661980675e+002  3.4403842657e+002  5.26913650e-002   
1.8026138345e+000  1.1972000000e+004  8.0833002848e+002  3.7614393701e+002  5.26913650e-002   
1.8783895651e+000  1.2398966107e+004  8.8596227871e+002  3.9614658777e+002  5.26913650e-002   
2.0723498938e+000  1.3432000000e+004  1.0978381901e+003  4.4758478292e+002  5.26913650e-002   
2.1075877564e+000  1.3631641101e+004  1.1388590476e+003  4.5700976773e+002  5.26913650e-002   
2.3647523567e+000  1.4997990961e+004  1.4565144645e+003  5.2570579040e+002  5.26913650e-002   
2.3788623973e+000  1.5071000000e+004  1.4749157903e+003  5.2949909862e+002  5.26913650e-002   
2.6532957841e+000  1.6323833976e+004  1.8551592068e+003  6.0271993904e+002  5.26913650e-002   
2.7970828689e+000  1.6910000000e+004  2.0679016231e+003  6.4091744274e+002  5.26913650e-002   
2.9770468345e+000  1.7661542756e+004  2.3495740392e+003  6.8861906578e+002  5.26913650e-002   
3.2925664633e+000  1.8974000000e+004  2.8822579346e+003  7.7165249610e+002  5.26913650e-002   
3.3403014876e+000  1.9175652417e+004  2.9681804443e+003  7.8450458824e+002  5.26913650e-002   
3.7478799120e+000  2.0768201947e+004  3.7428218100e+003  8.9333529680e+002  5.26913650e-002   
3.9008847554e+000  2.1289000000e+004  4.0517966122e+003  9.3383047116e+002  5.26913650e-002   
4.2051904258e+000  2.2332900955e+004  4.7049046155e+003  1.0155858628e+003  5.26913650e-002   
4.6554723815e+000  2.3886000000e+004  5.7512275897e+003  1.1350468448e+003  5.26913650e-002   
4.7183012616e+000  2.4102792288e+004  5.9045921539e+003  1.1515553064e+003  5.26913650e-002   
5.2940210885e+000  2.5791013033e+004  7.3773390704e+003  1.3014120348e+003  5.26913650e-002   
5.6552952924e+000  2.6801000000e+004  8.3710275113e+003  1.3939974405e+003  5.26913650e-002   
5.9399893587e+000  2.7595255308e+004  9.1927475596e+003  1.4662858935e+003  5.26913650e-002   
6.6647776789e+000  2.9509016840e+004  1.1412632340e+004  1.6471176254e+003  5.26913650e-002   
6.8888162468e+000  3.0071000000e+004  1.2139294494e+004  1.7021393011e+003  5.26913650e-002   
7.4780035495e+000  3.2029841955e+004  1.4224346727e+004  1.8613523937e+003  5.26913650e-002   
7.9988520208e+000  3.3740000000e+004  1.6183018670e+004  1.9996632031e+003  5.26913650e-002   
8.3904579839e+000  3.5015826237e+004  1.7725001677e+004  2.1021074245e+003  5.26913650e-002   
9.2664935609e+000  3.7857000000e+004  2.1385368443e+004  2.3264958001e+003  5.26913650e-002   
9.4142486980e+000  3.8333814409e+004  2.2030513460e+004  2.3636841615e+003  5.26913650e-002   
1.0562960773e+001  4.2007058212e+004  2.7312589923e+004  2.6462267971e+003  5.26913650e-002   
1.0758715316e+001  4.2477000000e+004  2.8251738322e+004  2.6935166444e+003  5.26913650e-002   
1.1851836919e+001  4.4990620900e+004  3.3734440877e+004  2.9534877192e+003  5.26913650e-002   
1.3130305829e+001  4.7660000000e+004  4.0645668568e+004  3.2497458475e+003  5.26913650e-002   
1.3297979740e+001  4.8027253657e+004  4.1602767843e+004  3.2892164446e+003  5.26913650e-002   
1.4920578674e+001  5.1496181577e+004  5.1331561279e+004  3.6642946586e+003  5.26913650e-002   
1.5895432233e+001  5.3475000000e+004  5.7571270009e+004  3.8840350387e+003  5.26913650e-002   
1.6741164621e+001  5.5238790022e+004  6.3269390128e+004  4.0758576761e+003  5.26913650e-002   
1.8783895651e+001  5.9062695698e+004  7.7898794785e+004  4.5282176111e+003  5.26913650e-002   
1.9332875444e+001  6.0000000000e+004  8.2038897811e+004  4.6474764462e+003  5.26913650e-002   
2.1075877564e+001  6.3039784660e+004  9.5818951622e+004  5.0243738065e+003  5.26913650e-002   
2.3647523567e+001  6.7286622615e+004  1.1771324385e+005  5.5643457868e+003  5.26913650e-002   
2.3660582894e+001  6.7321000000e+004  1.1783209875e+005  5.5672433700e+003  5.26913650e-002   
2.6532957841e+001  7.1608431475e+004  1.4448740956e+005  6.1535069067e+003  5.26913650e-002   
2.9336652861e+001  7.5536000000e+004  1.7260392767e+005  6.7082923420e+003  5.26913650e-002   
2.9770468345e+001  7.6296701851e+004  1.7722365459e+005  6.7972705581e+003  5.26913650e-002   
3.3403014876e+001  8.2547456272e+004  2.1777664277e+005  7.5276080197e+003  5.26913650e-002   
3.4763813907e+001  8.4752000000e+004  2.3383086339e+005  7.7947257447e+003  5.26913650e-002   
3.7478799120e+001  8.9079310210e+004  2.6722714661e+005  8.3184415416e+003  5.26913650e-002   
4.2051904258e+001  9.5696003309e+004  3.2749171271e+005  9.1748233187e+003  5.26913650e-002   
