-1.411035167219455211e+00 -6.741911247395018236e-01 1.040245567734124688e+00 -7.301276486242677666e-02 -2.395612501760301161e+00 8.630126118988773465e-02 -5.609577848695184166e-01 2.930924757591186758e-01 6.742652368323555079e-01
-6.895185742016878283e-01 -7.743686778805667359e-01 1.412614751460595119e+00 1.840881358810460000e-01 -2.504960970666862075e+00 -1.840424785165696520e+00 -6.226310718259643329e-01 2.768519310381457599e-01 8.312337861173868525e-01
-7.241445794213422493e-01 -8.015306401548215609e-01 1.377008728431170503e+00 1.569669333641411924e-01 -2.495687623347752737e+00 -1.751935952964912113e+00 -6.248556292701060721e-01 2.807015796252557149e-01 8.293058930348053970e-01
-1.028510510551968959e+00 1.877190760440183848e-01 -8.514700078653374415e-01 2.847598727048633038e-01 -2.640949800703560335e+00 -1.580821352979614458e-01 -4.502506388303418872e-01 1.200272325469854129e-01 7.301296777266723659e-01
-8.388930710471601548e-01 -3.051660126849727872e-01 6.335215397042296415e-01 2.426748490553988780e-01 -2.526347594178048883e+00 -3.258873298382340966e-01 -7.035368012288714112e-01 4.933510400330048951e-01 6.398796439417326898e-01
-1.877175337267987354e+00 -3.274476021935603942e-01 1.215327687187953032e+00 -1.363067274637589921e-01 -2.341322670265685968e+00 1.441099151498055342e-01 -5.942208737494654169e-01 3.333031843903596636e-01 6.767281019606532499e-01
-9.245393794480106786e-01 -4.528148466119297222e-01 1.534347598154240266e+00 1.478371733499933560e-01 -2.504359920813234108e+00 -1.205139767594740396e+00 -8.508312962772860422e-01 6.336684269883211540e-01 7.059915552492175284e-01
-8.621382786877925808e-01 -4.312333300284313942e-01 7.592193965129570010e-01 1.992519201909382365e-01 -2.524110620091625012e+00 -2.489228514061130881e-01 -7.013391941376931893e-01 4.941169256146433764e-01 6.344518581075926367e-01
-1.079682885677073489e+00 -8.526744496959122177e-01 6.363582144843694666e-01 -8.765819247551459581e-03 -2.400259432988965713e+00 -2.820611989365180428e-01 -4.384842907028767001e-01 2.226401852638804357e-01 5.367587274557877874e-01
-5.185593362241414095e-01 -6.475777506660890248e-01 1.018435437618651629e-01 3.645705812469992591e-01 -2.570855058051709108e+00 -1.293999438254340273e+00 -9.110269515475541979e-01 8.531429355932478309e-01 5.006686696751393439e-01
-5.630857085486861147e-01 -6.516636630823864351e-01 -2.700198645832736499e-01 3.124946529702041786e-01 -2.515858045720825054e+00 -7.052697830607224105e-01 -5.985553486331951500e-01 3.466236057565473261e-01 6.638736086342345022e-01
-8.130977129321819152e-01 -8.158030632119301906e-01 4.189171216228817496e-01 1.153229979731265065e-01 -2.456179094126497819e+00 -3.322999255869373003e-02 -4.705695428022781401e-01 2.459572528659070556e-01 5.650717246518547343e-01
-7.862227243933024301e-01 -1.417812672129924179e-01 -4.787103610636344042e-01 3.602596395662032713e-01 -2.614521241638541937e+00 7.139200220289764198e-01 -4.496204395162393119e-01 1.577649286224654668e-01 6.652401475837921296e-01
-1.983016047580745900e+00 -8.597502556535921991e-01 9.264915227964551914e-01 -1.776832175440109240e-01 -2.252651031902672685e+00 3.115199601950971453e-01 -7.886284694860272726e-01 5.287834518529926919e-01 7.501157812182003282e-01
-1.925419168089752997e+00 -2.430770689035646193e-01 1.284090525373773106e+00 -1.373459650811107435e-01 -2.345565282828038001e+00 7.435932450471649524e-02 -5.996218796057276590e-01 3.360235860401414310e-01 6.833535818432505682e-01
-1.182904505642845994e+00 -2.997039379058397124e-02 3.225172236243722956e-02 1.118991156923216518e-01 -2.518463326945218128e+00 -6.198797584359923007e-01 -6.311308392740897499e-01 3.297276931243869891e-01 7.589798218880186020e-01
-1.571676750105356790e+00 -6.026124391011550285e-03 8.924785572496354291e-01 -6.990475189941725009e-02 -2.333334198632266876e+00 -1.003383856298040833e+00 -4.259306138483613946e-01 2.635712999441022775e-01 4.472393627238268055e-01
-9.013147474190993380e-01 -1.261103825177989357e+00 4.860043163142328537e-01 -1.291765829411220534e-02 -2.418237706824367450e+00 -2.382831725470812012e-01 -5.386644438434667892e-01 1.961645162751324278e-01 7.902332254566699632e-01
-6.368690608062077541e-01 -1.815299354835620660e+00 -8.425073795382924668e-01 -4.476051700045936832e-02 -2.359520126604608414e+00 -7.998920799640655277e-01 -9.265052663066511984e-01 8.174779690470663773e-01 5.758896948382302705e-01
-1.743899216111725714e+00 -5.005401024220811346e-01 4.103482935548361521e-01 -1.367938828866905043e-01 -2.262506825918739306e+00 -2.120734207258097304e-02 -5.844929323362960671e-01 5.532202051828453149e-01 3.235449944703701619e-01
-1.759461453969432654e+00 -5.575334289468197868e-01 -1.184504225444820591e+00 -1.316698807667273374e-01 -2.338896172842182430e+00 -3.439899087415499990e-01 -5.347291088648270518e-01 4.140197342910611478e-01 4.324297719297191533e-01
-1.654215633694626764e+00 5.215342864084324681e-01 4.706858105474425180e+00 -2.503821184159897573e-02 -2.392507472622261488e+00 2.058644082168731959e+00 -4.114261648464440091e-01 9.222121855071996332e-02 6.930958461556548933e-01
-6.311241773172805436e-01 -1.853932318488545006e+00 -8.393962195998533327e-01 -4.904751988742468705e-02 -2.358450811861436236e+00 -8.300201962368864983e-01 -9.255065349459420387e-01 8.175730700321868216e-01 5.740129323041975873e-01
-1.730372726067001876e+00 -5.132821455180698322e-01 3.847251604003562031e-01 -1.366366741668004758e-01 -2.260062008776916098e+00 -5.712952946529577941e-02 -5.845290031014840348e-01 5.532216568249228583e-01 3.236016303016285289e-01
-1.627871474040217814e+00 5.061952816305959058e-02 9.228719647101583101e-01 -8.367939326443495085e-02 -2.319908702440648174e+00 -1.135383507728696006e+00 -4.207861598784531365e-01 2.612398020073031235e-01 4.405398168664356184e-01
-7.261923531973364376e-01 4.308975398612486796e-01 8.504686242327330614e-01 6.392717552773765632e-01 -2.737023667528369231e+00 -8.009611930804929614e-01 -7.164720629529484075e-01 5.632593231904809983e-01 5.584228927204810677e-01
-2.811989244802578725e+00 -1.142790170396158711e+00 -6.306942879750632169e-02 -2.183222942340472261e-01 -2.209923400209018673e+00 7.123611381218725169e-01 -7.468773893560645138e-01 6.506859684020662726e-01 4.866003578670600738e-01
-5.996859122593884983e-01 -8.720160407539824243e-01 -3.635603557653745987e-01 2.333562819355022300e-01 -2.527239071202005416e+00 1.663060747292595676e-01 -5.666526564126226351e-01 3.687664823284373949e-01 5.646137690325830905e-01
-9.276718493488000927e-01 -4.159559381306545678e-01 -1.648272199694047480e-01 1.698063505479179836e-01 -2.522945906032221686e+00 3.551511352470271277e-02 -5.003992461297074312e-01 2.364667634351022840e-01 6.418402500053103088e-01
-2.372844599863318749e+00 -4.874104194318795713e-01 4.046539400069666392e-01 -1.940098030616037306e-01 -2.276890601624335542e+00 -2.785566637004346924e-01 -6.550127973331063558e-01 4.699499447212465708e-01 5.812988531988011465e-01
-5.418467653131686657e-01 -1.234841393003621501e+00 7.091651928939812777e-01 1.432225451906917746e-01 -2.480318734524255220e+00 -9.564489413671983797e-02 -3.917737388456726810e-01 1.146420809079494035e-01 6.142144244960989763e-01
-4.199679914004850190e-02 -6.099967087851103642e-01 3.172055235014759056e-01 1.071613922103638261e+00 -2.878165785115177400e+00 3.539258737358664808e-01 -6.062597295023611776e-01 4.393475323445342751e-01 5.339057116834814432e-01
-2.767100923106098342e-01 -1.482167315579896893e+00 1.700542908116267959e+00 1.995239633966880977e-01 -2.486560885615924477e+00 9.267964260383423358e-01 -8.402946163448952177e-01 6.458833225719209370e-01 6.673206727119606052e-01
-2.195848122374074229e+00 -1.075387524183409660e+00 5.050509232018884909e-02 -1.972122318354871395e-01 -2.288976465227985369e+00 5.177523710305687032e-01 -4.294099384352180748e-01 1.070573212941592911e-01 7.066987741997312611e-01
-7.407776896850801762e-01 -4.540082012001773748e-01 4.565967614011523512e-01 2.906653702415966656e-01 -2.592636265853629496e+00 -5.280669606281789275e-01 -5.201071004041860624e-01 1.832972978909548911e-01 7.725578485103150594e-01
-3.647612146725692783e-01 -7.766044601844164230e-01 -1.241082107399032186e-01 5.212829085772228144e-01 -2.731024072295931138e+00 1.414371840619426113e+00 -3.162016413767165801e-01 5.622563883796774520e-02 5.508650156206303938e-01
-1.558560280006975107e+00 -5.234966746588572972e-01 9.100504589145486101e-02 -9.288017462669553859e-02 -2.365378028299233382e+00 2.445735505882707383e-01 -5.274485589280069053e-01 3.682069179217918320e-01 4.877696004673588437e-01
-4.956199425197801989e-01 -4.510245205337739538e-01 9.476038008728151496e-01 5.541828646216931942e-01 -2.738062959762581627e+00 5.891608034830224661e-01 -5.823702603648982512e-01 4.837325708645574540e-01 4.208996572719806983e-01
-9.556142715041407998e-01 -6.112714847674776131e-01 8.749798714816130474e-01 9.733853635133092597e-02 -2.468455011330683568e+00 4.809941309618670502e-02 -4.593014787020242018e-01 3.011117202217122868e-01 4.560211426204173191e-01
-7.529805777861054983e-01 -7.311082773860216877e-01 -9.597742209056867591e-01 1.679186941290421731e-01 -2.461202879395327336e+00 -4.144145043759753233e-02 -6.294296795762042152e-01 4.174030523961262951e-01 6.128664663923090172e-01
-8.711214290657045556e-01 -6.033368926321248660e-01 2.431198972828917115e-01 1.319453374482263963e-01 -2.450262309116105541e+00 -2.474505896452671716e-01 -5.818557891080358146e-01 3.486276235458967698e-01 6.268412167898768095e-01
-1.928372787111769071e+00 -2.411733810008261647e-01 1.287672985658966818e+00 -1.374970719168801259e-01 -2.345450068487943796e+00 7.613760729431451324e-02 -5.996473784332774226e-01 3.360024519438894464e-01 6.834404892147672994e-01
-8.261812115046824889e-01 -1.464800783929851136e+00 -1.369855028964921173e+00 -2.675741042554188875e-02 -2.381918734832716655e+00 6.856488211858932091e-01 -5.523711468516713241e-01 5.205225637416407425e-01 3.099068784639901208e-01
-1.977585683718869225e+00 1.310386490647428293e+00 -1.803382508689383990e+00 -3.320770234988974778e-02 -2.426600198947331144e+00 5.752769641044400695e-01 -6.219933273372930671e-01 3.994935121119724264e-01 6.265238188769228778e-01
-6.551122681859887775e-01 -8.190685025621760040e-01 2.525967295593418704e-01 1.867855000593819925e-01 -2.444228838431197648e+00 -1.774852504666719621e-01 -5.754676985547265700e-01 3.389463254710157747e-01 6.293267765171209893e-01
-9.319676220448420700e-01 -3.268087187077714506e-01 4.222746050266475981e-01 1.910025812850632276e-01 -2.538990663423867478e+00 9.212336105946875020e-02 -5.100927487756541368e-01 4.241551393398042547e-01 3.697606541474751651e-01
-2.432746715142939942e-01 -1.028475711574854845e+00 3.076779116334605324e-01 4.705133732129064272e-01 -2.678286763835106221e+00 -2.406240879681858513e-01 -5.292431393461678457e-01 2.659823343841558607e-01 6.534111097463275453e-01
-6.233706111720096477e-01 -1.215324377413076640e+00 1.986423791266044514e+00 1.160652852183012840e-01 -2.498124777244964623e+00 -5.741318011115292830e-01 -8.677400311891602103e-01 6.320809472901832704e-01 7.404286013409830947e-01
-4.875700545882596382e-01 -7.477793743208499544e-01 2.505034431826946406e+00 4.074743659041019650e-01 -2.671482214925469556e+00 -4.229213713315529422e-01 -7.514575171864169567e-01 4.577465345124676621e-01 7.925508020951690380e-01
-9.088546322561792401e-01 -3.422817944892873054e-01 -4.311496780962941200e-01 2.058696362321185969e-01 -2.554310377681235700e+00 -3.799114601297820526e-01 -6.976775047746857084e-01 5.462155392791854247e-01 5.479795374365354910e-01
-9.401211146646744066e-01 -1.343420486565688021e+00 -5.025377970867469513e-01 -4.617906510432943923e-02 -2.367953484792710395e+00 -5.006670017489549540e-01 -5.840729720361406141e-01 2.947472431308026941e-01 7.192297993784381172e-01
-7.189463202111323614e-01 -1.524064085310827821e+00 -8.627038055017891560e-01 -5.215707495809733529e-03 -2.379560036981015259e+00 1.695706420022017547e+00 -4.759671153020497703e-01 2.482196596145216372e-01 5.723631329656446720e-01
-9.493833739633017466e-01 3.526881177133727174e-01 -5.628833171483242914e-01 3.306353603108771466e-01 -2.600873164077153188e+00 -2.425059240308819586e+00 -7.209527145067162746e-01 4.712177782446990704e-01 7.095472739041575050e-01
-1.583642146388830163e+00 -2.065407289398136559e+00 3.223642571876142449e-01 -2.024089551949890542e-01 -2.223124914500755001e+00 5.310056159231821837e-01 -4.108829197974473990e-01 3.032319863092048373e-01 3.566594200099731937e-01
-1.047099605339978146e+00 -7.106106466282489098e-01 7.574553757951660860e-01 3.498801964462772141e-02 -2.432331583312051571e+00 1.333601002918732847e-01 -5.239508011864573156e-01 3.090192125702591053e-01 5.731235490322681425e-01
-2.527706059596230848e-01 -1.189788863795275153e+00 -4.546617792239299183e-01 3.381701343075947941e-01 -2.564495447468776668e+00 -7.268496708834040199e-01 -5.475277903543832592e-01 2.944906172496120633e-01 6.443727848688359794e-01
-5.895656449446664560e-01 -6.885401879499060129e-01 6.072300441267266535e-01 3.304013985622577532e-01 -2.616007287173357732e+00 -1.966410268402899453e-01 -4.979129265325396014e-01 2.607234950784994565e-01 5.975339591922891325e-01
-8.816093370435775789e-01 -9.137652673669137693e-01 1.667873406998540364e+00 6.992278923214215181e-02 -2.466531214363388180e+00 2.506960786282785847e-02 -6.339305264326799971e-01 4.049834001830982522e-01 6.416519386510839418e-01
-1.312310547756570633e+00 -9.308370667753259609e-01 1.418122694069495759e+00 -1.040918345146732982e-01 -2.279620271141262311e+00 -9.222349936098808154e-01 -6.873280133590251584e-01 3.603098958130980800e-01 8.238561199219732734e-01
-9.198872622021698753e-01 -1.609770715044205547e+00 -7.505602053212401259e-02 -8.084052465584168345e-02 -2.394021987538371476e+00 -8.903523469142405888e-01 -5.254507131506200857e-01 3.142004291816720696e-01 5.680216292222936003e-01
-1.306826602102165502e+00 -1.070921529885719092e+00 1.197237758037611899e+00 -1.059987407016076272e-01 -2.291518882101494459e+00 3.550308342424929875e-01 -3.607179546167491591e-01 1.320357375691383894e-01 5.212713433765460147e-01
-6.502906699967272441e-01 -5.026943623456219257e-01 7.665605595560023300e-01 3.486356840786783429e-01 -2.608413156751777873e+00 1.502780451666312800e+00 -6.877269306744586697e-01 4.355781783753798209e-01 7.003251677213178095e-01
-1.999232599118700993e+00 -9.085611073499744172e-02 -7.274208110983337860e-04 -1.395741834127679493e-01 -2.321212861029499308e+00 -9.578413242927275029e-02 -8.266981270968073447e-01 5.526987394966212941e-01 7.866142769341469831e-01
-1.463049867134147197e+00 -4.477422137200610663e-01 1.929600107739758430e-01 -6.998821076086005066e-02 -2.404565183911016479e+00 -8.785378965592383071e-01 -4.671166992648606575e-01 1.713588907289702590e-01 6.795462356477482979e-01
-6.366677828914615311e-01 -7.101880047058581891e-01 -5.982962636870677864e-01 2.696598609188397000e-01 -2.555347647602741468e+00 -2.485474584838467393e-01 -5.787678586306691519e-01 3.289244590188133976e-01 6.524550669474569187e-01
-1.585370804874722372e+00 1.329173197943311902e+00 -1.742030637820035643e-02 4.569820459405432578e-02 -2.386019497958573155e+00 -2.383978327380683604e-01 -5.661351598762135451e-01 3.619086401270346642e-01 5.741376056426882313e-01
-1.420209363443846851e+00 -7.289000037479811400e-01 1.312976260069288748e-01 -8.548126460169208629e-02 -2.348161084681329669e+00 5.661636715922945262e-01 -5.326304077809713711e-01 3.765445985754983793e-01 4.851183024839646474e-01
-1.244590679632175956e+00 -3.314305458952074845e-01 -8.281570651540438865e-02 1.968416147360914706e-02 -2.432169366241700104e+00 -6.794537084109104619e-01 -7.558508993669775800e-01 4.281832168570124386e-01 8.508615421618380692e-01
-6.499478649928414065e-01 -5.183504545031825117e-01 -1.209509373815607969e+00 3.345012173691004342e-01 -2.580336464166992361e+00 2.208128456627108882e+00 -6.523815814657007994e-01 3.855567745568583837e-01 7.100823530607556222e-01
-1.299424173365149926e+00 -9.424727511267758651e-01 -8.842341895823049303e-01 -6.627333572845998944e-02 -2.433557371033011840e+00 1.225947208831468238e-02 -8.042114599669825115e-01 5.077348672190087342e-01 8.158195442987341561e-01
-8.145488829639863093e-01 -8.146508338303634078e-01 4.161614202316927802e-01 1.149724144714382862e-01 -2.456211299945685322e+00 -3.315326515650980632e-02 -4.707078405449124925e-01 2.460082659998687749e-01 5.652732950876985241e-01
-7.674211501013008530e-01 -1.431872475694198954e+00 -7.910518330666920228e-01 -1.635817883433646203e-02 -2.324360371917674417e+00 2.469860296897845586e-01 -6.454667632565559421e-01 4.541410361308279575e-01 5.869101894637331895e-01
-8.844415952381041723e-01 -5.807545689907215314e-01 -3.121468603123047636e-01 1.359272589125839759e-01 -2.445282434854435749e+00 1.023524956395446939e+00 -7.765260187232740918e-01 4.553906834802645687e-01 8.469396314051629293e-01
-2.342738341005581759e+00 2.497374936211911312e-01 5.954207855922515336e-01 -1.674847765114680087e-01 -2.343560337720132392e+00 -7.158673831227188034e-01 -6.246415281532536889e-01 3.959111906955174454e-01 6.374940067827856716e-01
-9.654713732941236914e-01 -1.119941150858734691e+00 -5.205982191703688589e-01 -5.307629395745083745e-03 -2.428387036968898016e+00 -6.004809423495408027e-02 -5.215584832949067273e-01 3.557241447680824509e-01 4.954061141162273141e-01
-6.888189200422142333e-01 -6.405725580727439361e-03 6.422585769028227309e-01 5.268484575686251947e-01 -2.715413824210378912e+00 -6.745124376962055024e-01 -7.330573123746109143e-01 5.840227250046923224e-01 5.588551270591874953e-01
-9.578873880456399981e-01 -6.810416983954981074e-01 5.529846333530908931e-01 8.199812880026205453e-02 -2.472133294958672955e+00 -3.220629777748975631e-01 -5.371605848649723125e-01 4.290810280014606404e-01 4.147072062722890751e-01
-1.511691649815833927e+00 -5.037620311572649223e-01 4.753207465608166871e-02 -8.061887227068821604e-02 -2.372900828135375395e+00 2.356677104576438975e-01 -5.239423645657537154e-01 3.651954862199666696e-01 4.854821154412043427e-01
-1.735517263778218577e+00 -5.683312796360185937e-01 1.794912396134667465e-01 -1.306523689077100925e-01 -2.341300325369792379e+00 1.106922984303755908e-01 -6.299672506625532131e-01 4.259876614842739717e-01 6.005265996287911801e-01
-9.156879902493886281e-01 -1.743278673255168609e-01 -2.479200166842406183e+00 2.710129157345333439e-01 -2.603592911381672703e+00 -1.111765787344489498e+00 -3.521721836651229842e-01 -1.249069327314805689e-02 7.419966082938727059e-01
3.383645311307570402e-02 -1.036873580313282472e+00 4.042020590728728102e+00 7.455295481010184577e-01 -2.758973350522486712e+00 6.320703854876711603e+00 -1.163024033147816994e+00 1.016436764308532803e+00 7.090146361301119526e-01
-8.747105294814934151e-01 -1.159397369478699785e-01 1.238823725583962698e+00 2.607692431167384362e-01 -2.510178653324906417e+00 1.066145955909468188e-02 -1.104849238403283085e+00 1.285312130969267885e+00 3.033316701874037014e-01
3.560815829583119374e-01 -1.708738040773555067e+00 9.479665786067961175e-01 5.211675977508971602e-01 -2.700411821959404879e+00 -8.488993475870204586e-02 -4.918279995883157452e-01 1.607396481301579527e-01 7.502062905066391174e-01
-6.451394245079764556e-01 -1.007479545483095817e+00 2.600227247928532659e-02 1.762197569823609200e-01 -2.541642688108287196e+00 -1.109160047064107757e-01 -5.656499812957125339e-01 3.005449351595059770e-01 6.718532653664743837e-01
-1.847997764320563840e+00 3.644843785944503756e-01 -3.097894778825904250e-01 -7.225382678874550657e-02 -2.441433145242339453e+00 1.960460633266517538e-01 -6.841557539196103654e-01 5.880409599661060582e-01 4.608644746611607612e-01
-3.716562709965549605e-01 -3.187875662613974370e+00 -7.427043029789237583e-01 -1.824749352366248356e-01 -2.367634643053871724e+00 -1.594713580887798132e+00 -6.433950022745181796e-01 5.431799374922093859e-01 4.494729451197010950e-01
-8.665331934240096956e-01 -5.970180182406061853e-01 -7.880315432972796741e-02 1.395811824679617230e-01 -2.455006498503498946e+00 -1.913288068161175526e-01 -6.879805986281576358e-01 4.361877679356519488e-01 6.995872401004386010e-01
-1.161779869163984458e+00 -4.150215516318964681e-01 2.797068764100652860e+00 4.124592007670918603e-02 -2.432244359846368553e+00 8.924472562370753259e-01 -4.724210848488669123e-01 1.795214024815809939e-01 6.770520206688863674e-01
-1.352899840915738450e+00 -9.559497328476521671e-01 5.829059181402246326e-02 -8.921624510732725777e-02 -2.391600361135764796e+00 2.901969310657946943e-01 -5.134604415853937232e-01 3.776998334062449114e-01 4.458612704530088289e-01
-1.330794411960019019e+00 -7.330813771436327508e-01 3.764319273164684621e-01 -7.211446304852059397e-02 -2.332614280486381642e+00 -3.441644315487173422e-01 -6.797664109346864825e-01 5.686508909353047425e-01 4.804987363639808828e-01
-3.333262134005706701e-01 -1.343046529670626432e+00 -1.937366479660973306e+00 2.116154306274260488e-01 -2.492406783675802373e+00 -3.563493826835791856e-01 -5.383568831730188853e-01 2.132019743566738734e-01 7.602098158927499405e-01
-3.984142376614254744e-01 -6.204834422369849278e-01 -2.853718120395616897e-01 5.592520976530392929e-01 -2.723213559494251257e+00 4.984303215746561655e-01 -7.352339202333499912e-01 5.485340747467939426e-01 6.163807184361126401e-01
-9.423538751208438979e-01 -1.411975684164851197e+00 -2.733831483486423575e-01 -7.049335156796535107e-02 -2.338385806208190143e+00 -1.077866789852881979e+00 -4.909979929300397616e-01 1.548709350306583521e-01 7.581396011776387889e-01
-7.711463591526974692e-01 -1.308777146708088868e+00 -9.275915217480205921e-02 2.055754541797288545e-02 -2.425352052952290727e+00 -6.988893856289881690e-01 -9.056070386502027558e-01 7.835440194191954921e-01 5.863267795675225491e-01
-9.038089274757892255e-01 -1.374590588440252059e+00 9.554608503494101956e-01 -4.035925534304241058e-02 -2.360377653451101398e+00 1.315693416509652325e-01 -6.254742174060599069e-01 3.351767741235893161e-01 7.377591412146358163e-01
-7.102760327565037501e-01 -1.354259202087902958e+00 -1.524502557123420088e+00 3.250670841263714889e-02 -2.467886558587303547e+00 -1.500934965468805338e+00 -1.052200455493403242e+00 1.269587025696057303e+00 2.389708089600027230e-01
-4.519944452271733026e-01 -1.552022491722814257e+00 9.360658705016560166e-01 7.923970294152093974e-02 -2.407957965204380102e+00 -1.990705396014094131e-01 -5.316362304959759699e-01 3.390071140176182940e-01 5.411816810411881340e-01
-1.350364828877366197e-01 -1.208056723731764981e+00 5.410399043464159119e-03 4.469700602690442337e-01 -2.643316026751547199e+00 9.588052959581955248e-02 -5.528093597057560649e-01 2.560847000054046196e-01 7.186590064872535599e-01
-7.110735193285301348e-01 -1.354135021134130756e+00 -1.522996242994622662e+00 3.291750775835613346e-02 -2.467849983026742411e+00 -1.499438844750990096e+00 -1.052246366341434536e+00 1.269596859552053481e+00 2.390331864922242422e-01
-9.919871187057844875e-01 -1.271212143200432410e+00 -1.906636704483291034e-01 -5.489764763971061168e-02 -2.344222768816485836e+00 -4.526917369471159525e-01 -5.864919243372992419e-01 3.089258678332408303e-01 7.006844481562916060e-01
-2.054219439258653246e-01 -1.100776690616957376e+00 -4.381592725770898644e-01 4.419258114002329041e-01 -2.637051832116911854e+00 6.306575273182923880e-01 -2.826109580264384857e-01 -1.248322007247512078e-01 7.796759492140368231e-01
-6.350441846062234719e-01 6.303239486757877819e-01 5.528846735611629981e-01 9.173840626277485200e-01 -2.865319783582294555e+00 -8.785700299766197041e-02 -3.133111143581653879e-01 -1.535624011191512039e-01 9.020420174667620472e-01
-1.481447201221826493e+00 -3.661185495143426394e-02 8.167468827565482759e-02 -2.162656939651275145e-02 -2.397934975007788960e+00 6.075593382253130503e-01 -4.996964423509537845e-01 2.401952367065026961e-01 6.341499104965446776e-01
-9.712773851960362359e-01 -1.325282009800459182e+00 7.305745349393334420e-01 -5.165475682070463925e-02 -2.372546862480896745e+00 -3.904273713640739052e-01 -5.250326178268447386e-01 2.579077256189126754e-01 6.575980950055323460e-01
-7.843390596146678773e-01 -1.984835844071653144e+00 6.273282651386840048e-01 -9.949522264796431537e-02 -2.361472602796915066e+00 -4.049266841494709168e-01 -5.240736284550702173e-01 1.726363902341748746e-01 7.992876143944480649e-01
-6.250933495366590709e-01 -1.558279027030680552e+00 3.906507429320710822e-01 -4.477693808067062520e-03 -2.365756428790662724e+00 -1.412318288012670564e+00 -7.877868213949064113e-01 4.787919959469846831e-01 8.305002249758238753e-01
-1.565731270944363152e+00 -2.209098740968523877e+00 -3.337397488954700897e-01 -2.079463248042583146e-01 -2.229663769604598667e+00 -1.539314720313828544e-01 -4.585418439712524719e-01 2.427396335530843663e-01 5.454517266670732001e-01
-6.217479680543691600e-02 -2.237162487577167180e+00 1.059475908094401619e+00 4.033339916184977558e-02 -2.392624714404318453e+00 1.840806575921036248e-01 -6.712109415196132467e-01 4.526706040292063360e-01 6.399188265901419870e-01
-4.833696782007295134e-01 -1.706295887751865692e+00 1.019327815413711313e+00 4.568934803981992976e-02 -2.461973394422727335e+00 3.488346413387910516e-02 -4.042447830290422095e-01 1.121612490587992894e-01 6.446774824315557595e-01
-4.566599499796796247e-01 -7.825942918551221927e-01 -4.473469763180865089e-01 3.813848079524566614e-01 -2.600126065694304156e+00 -1.047187233725616201e-01 -7.422602683069837726e-01 4.800873289036566294e-01 7.372637069179366343e-01
-5.056010643822781425e-01 -2.129661776422621777e+00 -1.248802581057317784e-01 -6.485864597372115181e-02 -2.397912853993500626e+00 -1.353195858479099734e+00 -1.118211042909601272e+00 1.057021569606524158e+00 5.840468628972952381e-01
-1.165140212308713785e+00 -9.634138457988514759e-01 3.665774210189778337e-01 -4.643113608495447880e-02 -2.387703979795423592e+00 5.515105952164831571e-01 -4.927868043982136514e-01 2.548582738335818387e-01 5.962154684568055085e-01
-1.697999848051350069e+00 -7.542136831333545732e-01 -2.130828305160788361e+00 -1.210187875941869662e-01 -2.358179680219412155e+00 2.702420992222736018e-01 -7.448982703684383644e-01 5.247697742830444989e-01 6.713345754397064269e-01
-3.024678055324248493e+00 -5.685766392942996905e-01 -6.814958778402837591e-01 -2.111146018265405155e-01 -2.268437857907443345e+00 8.081161490841635153e-01 -6.180942504264242965e-01 5.936374192026082630e-01 3.292328126406479094e-01
-9.119769226086955616e-01 6.389218488349885927e-01 -6.642832907326534642e-02 5.153201925371212466e-01 -2.738559923749100733e+00 5.325528676984139231e-01 -6.011603004946728390e-01 4.002905720360648290e-01 5.842497357612489450e-01
-1.022661499515801653e+00 3.197533491258338634e-01 1.010399851236877922e+00 2.767676516998479608e-01 -2.567447223835336523e+00 -9.430637427158200525e-02 -5.278925408918887507e-01 3.986367194498617872e-01 4.424629120876022448e-01
-9.143334061547410130e-01 -4.045498681836698363e-02 1.384615594344885126e-01 2.510753892815090760e-01 -2.524989613232790031e+00 -1.248395906187736992e+00 -7.432352243743300946e-01 4.888878400270895153e-01 7.250066765306665273e-01
-1.564077362767874124e+00 -5.422783121465583056e-01 8.264913310331123419e-02 -9.609569713875490415e-02 -2.364757654434070488e+00 2.484566426662091487e-01 -5.294926425726200758e-01 3.684388579537296038e-01 4.914457213197133134e-01
-2.801709829537121221e-01 -9.799737344074999079e-01 2.908438087459818688e-01 4.880715526643395474e-01 -2.725769390810923731e+00 -1.171315008781236511e+00 -3.178015611905081750e-01 -8.633343693290670973e-02 7.928585715257120414e-01
-1.853172858623098662e+00 3.467038312207694206e-01 5.436740409749913489e-02 -9.040160990531274920e-02 -2.342100167471080407e+00 -1.257570384909632022e-01 -8.153463554484952081e-01 4.757638860241925061e-01 8.918668737699214644e-01
-2.304365849825765755e-01 -4.352013361718997664e-01 2.837178445504529023e-02 8.834448210565795101e-01 -2.807030563303463566e+00 1.921005234810258810e-01 -5.671387965529889330e-01 4.132803860416214281e-01 4.971382649659301101e-01
-6.940663819911885302e-01 -6.134935006438824168e-01 -9.483676283043354083e-01 2.529823050319412459e-01 -2.520650976002330346e+00 7.397391629733588436e-01 -5.140236831731150868e-01 1.618295710093966555e-01 7.961698271824759754e-01
-9.061942598900891710e-01 -1.907391908243336598e-01 1.441393519529865053e+00 2.693943798852859173e-01 -2.629399424236912974e+00 -3.583267124227794698e-01 -6.193413966057679243e-01 3.875270881283702229e-01 6.405807379418447800e-01
-1.361378591068218791e+00 -4.203010959663409096e-01 -7.601724351433465365e-01 -3.542831813588514372e-02 -2.389403325146173707e+00 -7.266381846326923633e-01 -7.425227237643144962e-01 4.581582904115550359e-01 7.733976695001265611e-01
-8.142748898901136512e-01 -8.237146805633417390e-01 4.294366549731549743e-01 1.125589324538775471e-01 -2.452745315643987567e+00 -3.894164073324035691e-02 -4.698444963768900751e-01 2.444377547100748393e-01 5.660114837338303673e-01
-9.082584511601707877e-01 -6.399734576779714246e-02 1.056106338085840424e-01 2.498059740273607110e-01 -2.524112631192771961e+00 -1.182052460017283479e+00 -7.348746439662937613e-01 4.777725531173308005e-01 7.262824333440136559e-01
-7.730072339059320674e-01 -7.073500322192751710e-01 -2.124132626364406695e-01 1.604672148635649109e-01 -2.463311939943164219e+00 -2.302250186923303077e-01 -5.559783598895787771e-01 3.249255015946389546e-01 6.124472216857924645e-01
-6.620023417985456682e-01 -9.120817473489609695e-01 -3.969114330430856263e-01 1.635633216358263753e-01 -2.455430145657782948e+00 -2.683095358191781576e-01 -5.791635347308122794e-01 3.411177489277461561e-01 6.333980125529410365e-01
-9.493044442893721069e-01 -1.698900941957893096e+00 2.639127816618467293e-01 -1.178190658923668060e-01 -2.264632848461686887e+00 -1.139260983703914931e+00 -7.742077239981515202e-01 6.316508814557992846e-01 5.648816353521026734e-01
-1.364004512886259901e+00 -9.898026820912942947e-01 3.638109999058696253e-01 -1.207176248818382924e-01 -2.344829278161160158e+00 -1.372505582762759690e+00 -3.718730257482133483e-01 6.993982983068877668e-02 6.456966315890815267e-01
-9.404195161262948188e-01 -1.151747875142662192e+00 3.163868409649872593e-01 -2.376313047751489604e-02 -2.355153711133652017e+00 -8.283671427232818241e-01 -6.526748784082117005e-01 4.792694709857783231e-01 5.624628180852984105e-01
-1.452432772755584800e+00 -1.159749411195937663e+00 6.353117324064219140e-01 -1.339862771046927414e-01 -2.298973707430239877e+00 6.650593660269903395e-01 -5.325575016585440968e-01 2.908467173502023440e-01 6.194250674723417172e-01
-8.991905289907340393e-01 -5.253598722678775035e-01 -3.687235537790619633e-01 1.754586536259669927e-01 -2.566949260216415230e+00 2.241064873834242022e-01 -5.307188720599922416e-01 3.762425615025745684e-01 4.821532998689949112e-01
-2.348330050908987943e+00 2.536294982068182935e-01 5.925326256918662660e-01 -1.683475302440821664e-01 -2.343073936978875782e+00 -7.200720931238859812e-01 -6.246926505961853948e-01 3.960992453966988291e-01 6.372954431752457793e-01
-3.745859193813399379e+00 2.319939448252166692e+00 -1.744245651065364555e+00 -1.740817057438779625e-01 -2.288579345008570076e+00 1.543379732320292463e+00 -6.753373133025338815e-01 5.215442243702955727e-01 5.419544342802086190e-01
-8.307683485734222995e-01 -1.092663063251970268e+00 7.861403179677741715e-01 2.533054098078653046e-02 -2.338777150762739065e+00 3.167975527071910102e-01 -6.518564444947826386e-01 3.885991282066846297e-01 7.036276605516975646e-01
-1.449266598959865204e+00 -6.495008608482042423e-01 2.202797207735772145e-01 -9.936815068181446831e-02 -2.340426439952202120e+00 -1.204959796165633756e+00 -6.713124632271789682e-01 4.319341176023904216e-01 6.731497415013066865e-01
-8.505590832378595589e-01 -1.668005865307859992e+00 4.485962040582680554e-02 -7.187871262278822115e-02 -2.353671096621168246e+00 -2.174880546522644509e-01 -4.352748252820487496e-01 8.076780972134012249e-02 7.642648882474615268e-01
-1.105918494711786160e+00 -8.140740301380873234e-01 6.342787757928454173e-01 -1.290011227692547391e-02 -2.344132256693821414e+00 1.549690698239236664e+00 -9.154136550020630647e-01 7.877568250901231250e-01 5.975385373571631131e-01
-3.720733245519141086e-01 -5.811493786486214841e-01 -4.696092107710444497e-01 3.908368843237027823e-01 -2.502517279220214164e+00 -7.446830452924127819e+00 -7.957030896716965618e-02 -1.358259363935759856e-01 3.630980302141365579e-01
-6.993895165187707930e-02 -3.164043086144375794e-01 -1.521549930239087800e+00 1.746220672233664839e+00 -3.140871986649120817e+00 1.407051416028759494e-01 -3.578380585415699144e-01 9.971687002562071300e-02 5.686941614688288960e-01
-2.364625606295753357e+00 -4.491932084046620366e-01 4.367174202521160176e-01 -1.912480152023330882e-01 -2.279498946812219540e+00 -2.730946520393866539e-01 -6.518030037859068315e-01 4.685298666509105647e-01 5.772398847425552759e-01
-5.406394596682354559e-01 -1.411622932436807032e+00 5.878580584171722023e-01 8.390838631466714104e-02 -2.424791951381814137e+00 -8.197913659005212628e-03 -5.371503619242639083e-01 3.444686508377972634e-01 5.436930510093449520e-01
-5.328225051155208725e-01 -1.419731021446084540e+00 6.019300984793195530e-01 8.560337516130409052e-02 -2.424797213856932920e+00 -3.719216193185170827e-02 -5.360098382625780866e-01 3.431170376885226414e-01 5.435311806452436389e-01
-7.789406823980195016e-01 -7.874020956797993520e-01 5.382037281676508300e-01 1.589749862428180560e-01 -2.530904866558228328e+00 2.048116449186815902e-01 -2.901113744726162569e-01 1.105528156236376403e-01 4.109822258491171443e-01
-1.202759642642257321e+00 -7.920666547353089060e-01 2.897917461825385010e-01 -5.230921672724767046e-02 -2.377797016833993027e+00 -1.362438461357278419e+00 -6.603338316485286574e-01 5.539572351549867379e-01 4.655390339326517246e-01
-1.457911779211542025e-01 -1.191862963484882076e+00 2.329583933304952836e-01 4.823588415663858653e-01 -2.707986721771500793e+00 -1.127844228389348058e-01 -5.523775752349416868e-01 3.001986006405309437e-01 6.453544927502774531e-01
-7.460850836813034404e-01 -5.267902667475894418e-01 -2.569728775239829011e-01 2.387718085811452728e-01 -2.512449515026275115e+00 7.865367881668680616e-03 -5.312050251680697777e-01 3.239643997064209913e-01 5.640791316568369851e-01
-5.001363074146889520e-01 -4.500551242335664726e-01 9.315733316951267939e-01 5.488985621932878090e-01 -2.734936388868509205e+00 5.880830725187581320e-01 -5.826392566317343258e-01 4.843105012430233280e-01 4.205571221950025196e-01
-1.648238857782394540e+00 -5.670065942695583505e-01 2.919477527747527112e-01 -1.226404902471728009e-01 -2.287486147225165745e+00 -1.171105873207951564e-01 -6.163593819664018314e-01 3.154942540129446193e-01 7.515913640841759280e-01
-9.240970380212708557e-01 -1.020313097202123931e+00 1.187856781391606553e+00 2.991452980871633915e-02 -2.449334254243553222e+00 3.884186522734942582e-01 -5.271244408502414602e-01 3.131396785867929244e-01 5.730564094126532337e-01
-2.491462793376568730e-01 -9.987501108279109863e-01 1.718146473330931068e+00 4.919941019984151453e-01 -2.698502999901767119e+00 -1.840591992005952138e-02 -6.108702634667020348e-01 4.356699079071358893e-01 5.483294404039099623e-01
-1.048956020726051763e+00 -6.015624629404416890e-01 1.957490050838578410e-01 7.175861798134972047e-02 -2.506748621527967735e+00 -1.584095825606921526e-01 -5.083618894065994320e-01 9.114982257878299909e-02 9.095791249358730068e-01
-1.065926450988546881e+00 -5.830541817613305033e-01 -9.445060976577990264e-01 6.716517547815656353e-02 -2.480851525170019389e+00 3.840816467767823039e-01 -5.675731415600177021e-01 3.067394800329992788e-01 6.656264491441350462e-01
-5.994025910482221331e-01 -1.343662256925555409e+00 -1.621666352431217484e-01 6.502968144016221808e-02 -2.398999090806376522e+00 -8.880564814023347298e-01 -5.352969537703250458e-01 2.333983886534372054e-01 7.195330081293093150e-01
-7.865248895523219153e-01 -2.602097248924160944e+00 7.637591920320541128e-02 -1.529689769887322970e-01 -2.330919130395523897e+00 1.523211385204803037e+00 -5.457538044688110546e-01 1.706755486066046101e-01 8.501682257700806655e-01
4.864139166851282337e-01 -1.605723417730646752e+00 -5.207988001396499644e-01 6.966200888280608128e-01 -2.764052605726590173e+00 -9.537416714039008703e-01 -6.497968295395726290e-01 4.799147238914772684e-01 5.562818504844488920e-01
-6.233575260163103371e-01 -6.741536528363776259e-01 -1.437096204176382397e-01 2.737638516279679579e-01 -2.517085845538609590e+00 6.160544290017464508e-01 -6.052202495849664521e-01 2.599749440463619554e-01 8.229478996261583301e-01
-1.936876705048612202e+00 -2.368379788230750016e-01 1.321039483871137010e+00 -1.393760759014848194e-01 -2.344787048538946372e+00 8.507955388265098229e-02 -5.999970294322750641e-01 3.360567624842035195e-01 6.840638743144425993e-01
-1.444440220757014837e+00 1.781710505867436511e-01 1.708465152679954357e-01 1.961088431356099865e-02 -2.452953112815000836e+00 1.171220757222093400e-01 -3.440781733385206431e-01 1.102520458120982288e-01 5.219736372043695116e-01
-8.122195086763714933e-01 -1.321741591909554536e+00 4.853357638248119721e-01 1.125566420516721511e-02 -2.430808521240404030e+00 2.973921937167999241e-01 -6.222718897804081495e-01 4.140358409183689248e-01 6.041145872909327030e-01
-5.202335135801701149e-01 -6.584983947695951523e-01 1.349171582185048957e+00 3.930892924325054549e-01 -2.630730695755834514e+00 -7.746378050971387541e-01 -7.431111202619329337e-01 4.410124205781924545e-01 8.032980140586828410e-01
-1.840097460333396384e+00 3.308595257928723665e-01 -3.219910071717129174e-01 -7.272442281318659829e-02 -2.439022287796995148e+00 2.150306334618390380e-01 -6.787049033078328408e-01 5.815775231354520791e-01 4.600181596502237458e-01
-2.993068241198401758e+00 1.408510003835295787e+00 5.304099138846112282e-01 -2.001116088894172307e-01 -2.285504765169939390e+00 -1.143418000815279223e+00 -3.987014168889252974e-01 2.490647172575243262e-01 4.152348215265084796e-01
-9.217211801265318138e-01 6.608887599418039605e-01 -1.526802747158679807e-01 5.065125807465092889e-01 -2.730439167055188854e+00 4.129629134816035219e-01 -5.820336305454429926e-01 3.748420151942710166e-01 5.861316963892986287e-01
-1.199708753731131061e+00 -1.094935536853412827e+00 -5.494235327394211277e-01 -7.546598220925967992e-02 -2.343399719747227383e+00 8.139336214745710452e-01 -3.961941918169010757e-01 1.410421978644978425e-01 5.803662253573986796e-01
-9.672246978497905934e-01 -1.238062561246818793e+00 2.192350211563888873e+00 -1.425667079174911811e-01 -2.243492295965030081e+00 -3.110428803010833576e+00 -1.990634300725231398e+00 2.099143750703237110e+00 7.117722010136766642e-01
-3.404847606756714051e-01 -1.341385660796144519e+00 -1.909502450851844335e+00 2.080130992334215390e-01 -2.489162917616150050e+00 -3.762328811891749725e-01 -5.344932816339310611e-01 2.088026563806146263e-01 7.594533238289111754e-01
2.329679322879278480e+00 -1.911400499624858362e+00 -1.818003865501066851e+00 2.219162980498254889e+00 -3.393689027839415395e+00 -1.416936689426127050e+00 -5.004739360448313690e-01 2.694117573052006165e-01 5.898102985777743390e-01
-1.120980983713533607e+00 -1.163195496457934963e-01 -8.323711578874164463e-01 1.008163597110819654e-01 -2.437619743935254046e+00 -9.850642976137526929e-01 -4.920727418457967461e-01 2.436442060134972332e-01 6.128195176219277673e-01
-1.259413324541615031e+00 -7.208013848074341645e-01 1.097238694642456991e-01 -5.238439759365969006e-02 -2.368240735941892883e+00 -8.224848680993814831e-01 -6.073059544913184116e-01 3.653212180621888683e-01 6.514699658049698527e-01
-2.319253476662375579e+00 1.952616974421470530e-01 3.595637588844562860e+00 -1.824328587619453712e-01 -2.332703853701193264e+00 -1.374940470338219978e+00 -7.747541083663554984e-01 6.319344795024068873e-01 5.658802856056681652e-01
-9.240385534510070498e-01 -1.421563566466106376e+00 -1.924611124218285896e-01 -6.402944738184367102e-02 -2.345339551452140014e+00 -9.503649287491697795e-01 -4.926851147936647246e-01 1.600625853125112186e-01 7.529076265358406461e-01
-7.739108108464580749e-01 -8.091771009157970873e-01 5.466334158417738287e-01 1.556486801376043838e-01 -2.529325138449286747e+00 2.049000808969227427e-01 -2.900552366409889227e-01 1.095973235037040611e-01 4.123535659731211722e-01
-2.482643059669898289e+00 2.290664039841486255e-01 -5.659108094769496056e-01 -1.643861553999392267e-01 -2.320418186488839574e+00 1.227593337137613982e+00 -6.294093434850249746e-01 3.514273254805032609e-01 7.190285136191522097e-01
-8.332288007032568888e-01 1.775342646843323102e+00 1.265293268654717584e+00 9.084102449977380367e-01 -2.871823106244626000e+00 -1.680161811174994302e+00 -3.697942644346700058e-01 2.659138321106175318e-01 3.328192806630863587e-01
1.066797122735847037e+00 -1.497539580678383331e+00 1.722200715491946976e+00 3.881497867571670035e+00 -3.132391298803168134e+00 -6.329795018846625432e+00 -7.734261834333335806e-01 6.629658945203474874e-01 5.230668847604815763e-01
-8.279912054311399094e-01 -1.827046537509983137e+00 3.721833624133572549e-01 -9.168718626913854863e-02 -2.355405231918828335e+00 -5.815037366480421133e-01 -5.141100982145774267e-01 1.666145350409844461e-01 7.880427672608721901e-01
-2.258385491678291501e+00 1.207838903854390189e-01 -1.827236883694815628e+00 -1.471953436722641950e-01 -2.289154341760923472e+00 -1.079256652965138175e-01 -8.168411788916463134e-01 6.172022472408541516e-01 6.664861156075549964e-01
-1.173337247865848365e+00 -1.149449330941968661e+00 -6.640766871513830161e-01 -8.099650178345770002e-02 -2.345099682708580602e+00 -2.712722336993407257e-01 -4.681550043196510691e-01 2.462939289924899189e-01 5.595396432223815886e-01
-6.816872351416461973e-01 -5.197213895679886342e-01 -1.085879763205798376e+00 2.942880246696533142e-01 -2.539500644165934240e+00 8.912711272077757929e-01 -5.242309621896762417e-01 1.665641809803456164e-01 8.101968488435612459e-01
-8.305354116463925518e-01 3.704217395411044667e-01 2.879499943297787468e-01 5.519012149866775463e-01 -2.784789754801799688e+00 -8.572287749468922302e-02 -5.835369974264740245e-01 3.568040932939593457e-01 6.178597382967901952e-01
-1.160529349819102052e+00 -7.082859637320140234e-01 -1.347397306672850625e-01 -1.038655181362549418e-02 -2.390392732588487501e+00 4.143962933743028376e-02 -5.591447407813552317e-01 3.851539862914237777e-01 5.241551315976668013e-01
-8.351561985025125479e-01 -1.099810351432145561e+00 5.596814619594605578e-01 4.438805158962255693e-02 -2.435872703434083242e+00 2.788854031340171069e-01 -6.129522604228689886e-01 4.121239628920126408e-01 5.886201157088329916e-01
-3.256519361694868997e-01 -8.757704233052240328e-01 3.634503888863196419e-01 5.307695022142031593e-01 -2.767795139929580372e+00 -2.175479441349620624e-01 -4.183352978177664605e-01 2.523482935512036396e-02 8.241729655093793516e-01
-1.139213298564981214e+00 -1.281580666265570656e+00 -3.626403752445579998e-01 -9.559881755438828788e-02 -2.286393912547934448e+00 -2.981663069018481993e-01 -5.718308383799973749e-01 2.890371930298546999e-01 7.030572810403415973e-01
-8.104624254862768939e-01 -8.515553049702646593e-01 9.123493410090837141e-01 1.215051947233376228e-01 -2.504304079200735611e+00 -5.390314340981543495e-01 -6.367892179713410261e-01 4.099317420570227077e-01 6.395691182360162541e-01
-6.827361503571139911e-01 -5.121809474142663410e-01 -1.091082250426655742e+00 2.968430414738925660e-01 -2.540366804190023586e+00 8.954124850402883640e-01 -5.243981688236594163e-01 1.667486417830301437e-01 8.102429145661962373e-01
-1.123117163641730976e+00 -1.286645147933809685e+00 -5.218329060345485715e-01 -7.994590358878106429e-02 -2.399022112623942160e+00 -4.951738063348511965e-01 -4.379875204971641622e-01 1.640002971767210993e-01 6.304122533102209935e-01
-8.502234273248338026e-01 -1.511877231307170444e+00 -1.769724126544123699e+00 -2.252847108917088725e-02 -2.443325008783068242e+00 1.350952599175591962e+00 -8.138502551640556248e-01 6.176372431333488899e-01 6.605500156272123835e-01
-1.847046552982564593e+00 9.179407821622538322e-01 1.397375712845176254e+00 -5.719332306219854223e-02 -2.380489832789912885e+00 -2.459344884769983919e-01 -4.209081194084337008e-01 8.575173034821829965e-02 7.245171265493586255e-01
-5.072884120646308226e-01 -2.719742990727644028e+00 -1.318094890913858119e+00 -1.681620791739882881e-01 -2.316433486163696376e+00 -1.843426960262130709e+00 -6.167007300209549348e-01 3.292445700632371519e-01 7.296526895549382274e-01
-9.961372886940818017e-01 -1.223636680216175332e+00 -2.544119954209556056e-03 -4.179928915015304614e-02 -2.358304238823992982e+00 1.785657151385342534e-01 -6.308087685677280509e-01 3.444069912352121232e-01 7.334375312219678644e-01
-8.060630750394677246e-01 -8.934982998349734196e-01 3.307853866033556578e-01 1.013507313136849247e-01 -2.443222250027293097e+00 5.251544308259209481e-01 -7.301814049969331810e-01 4.551006617927272346e-01 7.535055765357677737e-01
-7.489503172942170162e-01 -6.981599335831499831e-01 4.927037876594068111e-01 1.924677389266991057e-01 -2.530587619333662719e+00 -9.580512796349693883e-01 -5.144590670045162684e-01 2.874169274812581332e-01 5.884182701945164240e-01
-1.131389022070084849e+00 -7.114930837053853319e-01 1.717165415517120930e-01 -5.391126282653480040e-03 -2.382955542407797722e+00 -3.960643982593148316e-01 -7.432495895428241628e-01 4.576335730102170651e-01 7.756305538028642754e-01
-1.992077781707122242e+00 -4.966106422373951501e-01 1.787219703838082374e+00 -1.754961358659941073e-01 -2.246319856611938892e+00 -7.939815865049811849e-01 -6.202572446843646059e-01 4.342045730846814666e-01 5.683982802397370415e-01
-8.800366509464728759e-01 -4.063023345569136691e-01 -1.931195839946017179e-01 2.257177677030372531e-01 -2.590910140973085252e+00 5.317998093832493334e-01 -7.615324719728089331e-01 3.926128331881426625e-01 9.248939910094897687e-01
-6.306703934347666074e-01 -6.975371535007950374e-01 1.662090906917410571e-01 2.534091464091553503e-01 -2.508665977231345767e+00 -7.706115161141992020e-01 -6.034620770674630208e-01 4.031974039720128689e-01 5.837753775998453243e-01
-9.653494955516633835e-01 -1.298818147896779296e+00 2.283629100069282103e+00 -1.545055530062288685e-01 -2.235776421465132113e+00 -3.140918050070187650e+00 -1.988537920988050711e+00 2.098543179198968378e+00 7.101629576316373926e-01
-6.777150813826623432e-01 -1.839882536587557516e+00 -4.857195233961730807e-02 -6.757299413327437498e-02 -2.355241744801971571e+00 -1.304139712787238281e+00 -8.092160737827241990e-01 6.931439257821516708e-01 5.405708659471980537e-01
-1.248546729458265281e+00 -1.276227123406682207e+00 1.144685550322446677e+00 -1.164897171060947784e-01 -2.284695785428374926e+00 3.645649640403540448e-01 -3.643510198731452210e-01 1.332561612224289205e-01 5.268054356044105102e-01
-9.653240738266951615e-01 -1.298820970960926191e+00 2.283519018254725808e+00 -1.549608067033720060e-01 -2.235735577083544978e+00 -3.141181130581058412e+00 -1.988473920970685427e+00 2.098478654451204850e+00 7.101426364888376863e-01
-7.701159809818189927e-01 -1.404352075555492352e+00 -3.697669238770325828e-01 -6.292260846093883364e-03 -2.353414731323778764e+00 1.912242087203038787e-01 -6.494303284346798488e-01 4.168168254182702537e-01 6.534384610072651034e-01
-9.081014359633282629e-01 -1.366635518154680318e+00 -1.118265583197386004e+00 -4.801999096376619730e-02 -2.354785745488973792e+00 -9.135457398047122091e-01 -6.312719741543955099e-01 3.992287961171498978e-01 6.452977633511622901e-01
-1.517883735294656145e+00 -6.223973766026872356e-01 1.186898595295132974e+00 -1.066260324552188998e-01 -2.295446783577414163e+00 2.266534887766959994e-01 -3.365975433418442186e-01 3.100840233431345627e-02 6.345744402310814491e-01
-2.348585684372645588e+00 2.537378378097590037e-01 5.926148962533572817e-01 -1.684028187901915885e-01 -2.343049157474743183e+00 -7.203096538818792860e-01 -6.247080814661071235e-01 3.961051095328226301e-01 6.373169694691360743e-01
-4.900701631602729647e-01 -9.830841412909218091e-01 6.404780131338037030e-01 2.810216753346044261e-01 -2.570209317386305869e+00 4.666496933457446872e-01 -8.804932379890082483e-01 6.555346466732538957e-01 7.283317552112164028e-01
-5.771298592862837973e-01 -5.694500547972181081e-01 1.437094206374133210e+00 3.312703537084762395e-01 -2.545112787560817047e+00 -1.838908453552403399e+00 -6.284878065022443394e-01 3.203801534108583482e-01 7.690666497790441536e-01
-9.302636306122864518e-01 -1.472926466433483350e+00 5.088945235324443539e-02 -4.985796983250485870e-02 -2.419509776078518470e+00 3.912174801107827782e-01 -4.144725368100370400e-01 9.666860030962218242e-02 6.923017590234811225e-01
-8.206714431925131725e-01 -7.909764398233605220e-01 -7.135658628000909331e-01 1.265435404653368345e-01 -2.473095284376824132e+00 3.659251184159495462e-01 -5.742306289724452562e-01 3.913331384915132438e-01 5.444462880870019061e-01
-1.264717065550849284e+00 -1.510911901222719012e+00 1.310635234327681697e-01 -1.408881123200268759e-01 -2.323908983502921632e+00 -3.638676565277330077e-01 -4.286560813497323763e-01 3.316576857877026607e-01 3.490063837610184461e-01
-7.297504943930943622e-01 3.701804727387192351e-02 8.737483019007066254e-01 5.046832785119197418e-01 -2.717100559428166306e+00 -1.068225550237717147e+00 -7.277455506332392021e-01 5.817778249991205630e-01 5.522288192928924699e-01
-1.274373449404456959e+00 -1.048251223313884539e+00 1.171263684814785044e-01 -8.326306432560903747e-02 -2.376690147426827604e+00 5.164942196004729258e-01 -5.252146613497585825e-01 2.980358346957161508e-01 5.931435196073725491e-01
-1.715930027158528937e+00 -5.455154438519238536e-02 -2.038355176623069198e+00 -6.089428126425425886e-02 -2.439319407673555151e+00 -4.717852465325912403e-01 -8.184490127779400215e-01 5.886828789946156881e-01 7.138878480928789738e-01
-1.729941579393554640e+00 -5.666397073119251449e-01 1.748295160175863394e-01 -1.280893248682256069e-01 -2.342673113919360617e+00 1.044213036343888401e-01 -6.296322613105309607e-01 4.257982480246259027e-01 6.001675610909333880e-01
-7.567139326109262321e-01 -4.480806811358075681e-01 1.190025427620016174e+00 2.716445766865385192e-01 -2.559155369772602384e+00 7.477761054607914848e-03 -6.403963466139369620e-01 3.822261697787061596e-01 6.912600953991209218e-01
-1.677071953806261728e+00 1.572879709240937451e-02 1.449573535346268205e+00 -8.581279924447232643e-02 -2.302214953477494941e+00 6.286877281030949227e-01 -3.835262102438050102e-01 2.836993745671686495e-01 3.322746322343563818e-01
-1.615909285718185373e+00 -8.049560705739491895e-02 1.147920689475703693e+00 -7.603284571120863533e-02 -2.372602106277295952e+00 -7.963443330681754251e-01 -4.884410260682737759e-01 1.929491252473455876e-01 6.885156434582054841e-01
-8.873299696006466952e-01 -5.506139891143613241e-02 3.181784934942109011e-01 2.619081358571953011e-01 -2.497890977520996092e+00 -1.452521803613440743e-01 -8.072608575069748493e-01 5.827596768957508111e-01 7.013353499401875357e-01
-4.389245629977072127e-01 -4.397633417480335538e-01 -1.080119756840302037e+00 6.531423311816776378e-01 -2.796417751797882545e+00 1.056974389797053604e+00 -7.488407146576343543e-01 5.829494866063822389e-01 5.903918985422693666e-01
-1.054400138927370945e+00 -3.468443609810840655e-01 2.581921153091171206e-02 1.165549494584701140e-01 -2.499856143721253865e+00 3.176745029183437596e-01 -6.226972872073308629e-01 3.586074039489082210e-01 6.937436531029197440e-01
-9.449394807162921905e-01 3.653830457221198813e-01 -6.011528820163017928e-01 3.357507704951590566e-01 -2.602738048103222290e+00 -2.485644757446813902e+00 -7.217117952594511721e-01 4.717391248446127783e-01 7.102300209382566010e-01
-1.219425208227675750e-02 -9.012846066612381080e-01 -7.711035046524022940e-01 9.166555678184442613e-01 -2.909589250482741640e+00 2.272478434443644113e-01 -3.677517386375065978e-01 -2.248568671380635209e-02 7.943778012393387655e-01
-1.911856244745002931e+00 3.158913933536051211e+00 -2.961495753236055517e+00 1.032033504078588848e-01 -2.555994752069768339e+00 9.390240823614539600e-01 -4.696012726004392679e-01 2.677469419165696696e-01 5.288011099954144090e-01
-9.468655512154613429e-01 -1.115594473568426670e+00 8.668398109001536067e-01 1.423428824329046882e-03 -2.432500218876155085e+00 7.060737125591254326e-02 -5.218600023074309036e-01 3.085418278507175427e-01 5.697140178925221843e-01
-1.264268037422335844e+00 -1.167384572800231002e+00 9.127745238597295696e-01 -1.082318786088051210e-01 -2.302774793473735038e+00 -8.042997144799617082e-02 -4.189084188028370237e-01 2.111078499861633040e-01 5.149893552323306922e-01
-1.103360544829336654e+00 -1.307244203458094667e+00 9.356546926403419562e-01 -8.455495385625919069e-02 -2.334152272442994391e+00 -2.254811370176350582e-01 -6.057060752784827473e-01 3.463570555624114200e-01 6.788005331022068933e-01
-1.659858243946707779e+00 -8.837196669482041411e-01 1.776051998150560696e+00 -1.485051753713268474e-01 -2.323495679735675168e+00 -6.254361482218555590e-01 -8.014818462014671185e-01 4.517483909457462588e-01 9.047336396420582183e-01
-4.766116712279372392e-01 -8.122282578252916219e-01 -3.567340580645766424e-01 3.452115869631516842e-01 -2.573053716963716653e+00 2.857076516275043609e-03 -7.510063637820276750e-01 4.809528685208597221e-01 7.532195096445695182e-01
-1.228182736719188428e+00 -8.715066799417756638e-01 2.109407046712303835e-01 -4.324165457490580788e-02 -2.433298736652406813e+00 -2.285694914869898509e-02 -6.986558394170290232e-01 3.804244902725594235e-01 8.137158064926368617e-01
-1.096719496894864809e+00 -4.606788222746632799e-01 1.155975968768644946e-01 7.505620045699334941e-02 -2.499948338289156524e+00 -1.910581014932541399e-01 -5.245377073589163608e-01 1.219298491906596199e-01 8.903510545942042720e-01
-1.030398180775674577e+00 -1.505801321867464404e+00 -7.428806651423025542e-02 -1.011138895977649055e-01 -2.318534283610957036e+00 -7.206973295515504141e-01 -3.531297529715528571e-01 -1.668278762760717557e-02 7.509001511071862200e-01
-2.024647869806032396e+00 -2.160915650015926559e-01 -2.036948728491446481e+00 -1.322888032366206224e-01 -2.313488671048502532e+00 1.041195729311926499e+00 -4.527341927670527899e-01 2.448064343372006180e-01 5.304964597552150884e-01
-2.999290395644861329e-01 -9.143433984364909284e-01 5.846114394038335327e-01 4.791818638682300846e-01 -2.675658022185632312e+00 2.657171015769222433e-01 -5.633272691277991795e-01 3.712040684563073789e-01 5.543880796926061727e-01
-2.132064272406808403e+00 -1.122386804225366852e+00 5.045058727635365337e-02 -1.956325788708414559e-01 -2.288498263645397213e+00 4.690254313024200261e-01 -4.259534689943919039e-01 1.014066661205037245e-01 7.087950595215338767e-01
-1.002602811261705806e+00 -5.876213117514820228e-01 -6.514998724317440093e-01 7.886014479671590860e-02 -2.435399653253061736e+00 3.957858139627634109e-01 -5.912795741679501837e-01 3.128621578848314599e-01 7.041727094904561834e-01
-1.196337636273988592e-01 -1.183279073379499113e+00 1.430645396730353625e+00 3.896672661923716863e-01 -2.564073435689108393e+00 -3.238744116965255770e+00 -8.131118414354390200e-01 4.647194291660617371e-01 9.069406122945591342e-01
-8.980957215030636043e-01 -8.211921287824663906e-03 5.421662484821554440e-01 2.538815315605265077e-01 -2.470709933599285257e+00 -3.101276838520533596e-01 -8.431046490767966084e-01 6.304737527515703599e-01 6.959164229167649207e-01
-5.482674062421776240e-01 -1.238869214153722531e+00 6.969650894077488168e-01 1.372630899074820943e-01 -2.476265385270715935e+00 -6.390990669519336365e-02 -3.918724417755731215e-01 1.147964630210907278e-01 6.141606186281631796e-01
-2.021620773427033058e+00 3.324379616633996726e+00 -3.329376465411809871e+00 9.277490404632257603e-02 -2.555383628125068363e+00 8.775806603517756210e-01 -4.455891864108991185e-01 2.592735493238293998e-01 4.936566155905544595e-01
-2.086387574014674673e+00 -2.704020828241202601e-01 9.292987099403976492e-01 -1.661895584490016009e-01 -2.308586900985552415e+00 -3.728102925203833351e-01 -3.468277543878667268e-01 1.676126766549668745e-01 4.370179887403474739e-01
-5.657853647121673379e-01 -9.427851103586394332e-01 3.945037586400541030e-01 1.981907549223649034e-01 -2.438665049300394738e+00 5.145377795363068746e-02 -6.072691393914725344e-01 3.528513284203088074e-01 6.713352028014435424e-01
-8.448964142207996408e-01 -8.344150806445416180e-02 5.890455412349271391e-02 3.446831935907955780e-01 -2.635563897653946164e+00 4.286328633093977603e-01 -7.634944041533262560e-01 5.218982793813253807e-01 7.124704773094051591e-01
-1.106495058782397622e+00 -8.043695368643271060e-01 6.121118263506004631e-01 -1.177272942673881877e-02 -2.342955761328340270e+00 1.589399071383265305e+00 -9.154815886770686362e-01 7.862102122264063020e-01 5.998271300223038116e-01
-1.292262164963302373e+00 -7.045991818593120293e-01 -5.517352215312528729e-01 -6.869053476340095110e-02 -2.337934456584118692e+00 -1.279973098457872549e+00 -6.257645962272833096e-01 2.660570376525106528e-01 8.565306426587009359e-01
-9.951082197673355445e-01 -5.000826419344324147e-01 1.193474628098480483e+00 9.095548908021912349e-02 -2.428932438275319683e+00 -3.699268926667927115e-02 -5.066233924112326648e-01 3.100133966084482329e-01 5.366057498660243841e-01
-1.712392835361455035e+00 -6.601235326455786590e-01 5.922970672262188874e-01 -1.532011568283883629e-01 -2.334574026131904123e+00 -1.324604268297789211e+00 -5.210859983900975045e-01 2.367690859329146524e-01 6.842776765318050458e-01
-1.338116498333860260e+00 -1.015245940369491340e+00 2.754196081534852070e-01 -1.050354439227207254e-01 -2.282466971562169711e+00 3.486315622786537172e-01 -4.954221230585030278e-01 2.223015875391101959e-01 6.542860576661708727e-01
-1.086691358732210233e+00 -3.587313805611546114e-01 -8.943778553626491323e-01 1.058044626771912911e-01 -2.526813245272541142e+00 -6.430686849243545389e-01 -7.162821172009045112e-01 4.906502628284512557e-01 6.692752106403390133e-01
-2.732074817395088395e+00 7.879182638917652248e-01 3.672970541219771068e-01 -1.925913806907527670e-01 -2.282581150732836406e+00 -1.023918493386853257e+00 -4.313352141160224917e-01 2.902697050672249923e-01 4.169717530069214084e-01
-1.349848313113053866e+00 -8.370899857679279243e-01 6.021997986106577549e-01 -9.244348707673752386e-02 -2.305086860987751951e+00 1.436427983223154126e-01 -3.481892942087688181e-01 1.410401366820486779e-01 4.813053384028546100e-01
-8.868627369211357081e-01 -3.902340291952781648e-01 -1.906037366309920600e-01 2.246564062633554515e-01 -2.589974812827027240e+00 5.248680337677991137e-01 -7.614983330470181944e-01 3.925270388271208111e-01 9.249686404231525216e-01
-1.129062013851514390e+00 -7.401801840889421502e-01 9.805483874138518630e-01 -4.965880838285641197e-03 -2.399142186294380252e+00 -1.047639959374329077e-01 -5.948613752255820231e-01 3.126553919111548785e-01 7.119360680491330085e-01
-7.507940419824121747e-01 -3.908604315009386321e-01 -1.500306543108076429e-02 2.999296636185618814e-01 -2.581534965671046233e+00 -2.080228879185020974e-01 -5.336125509103227804e-01 1.851729912580757365e-01 7.984561661555433787e-01
-1.020820283552571928e+00 -6.990835742364538419e-01 3.191358537244231020e-01 3.113758973874150571e-02 -2.376963009991251319e+00 -4.409825062845530996e-01 -5.833964471584447420e-01 3.961170065542652940e-01 5.549657837451190678e-01
-7.614188605386297271e-01 -6.717756122091018689e-01 -9.893464149045871903e-01 1.800651513546728533e-01 -2.471603232910158710e+00 -1.206783301434162514e-01 -5.993667795491444128e-01 4.378988483050536007e-01 5.220524145126758109e-01
-3.306030400319562856e-01 -7.805757410950814323e-01 -5.064234801983455991e-01 5.276546229338268112e-01 -2.697068908193965164e+00 -2.086068059186596824e-01 -7.674941997240432023e-01 5.044077229692095488e-01 7.482940965574776948e-01
-4.165427860027779983e-01 -8.473245860534734941e-01 9.076909288584444901e-02 3.699720039965355145e-01 -2.576869146813334233e+00 -5.527128835832637588e-01 -4.883862449260865657e-01 1.945651619746276706e-01 6.857511847596883259e-01
-1.015297951209966909e+00 -5.128314776505707995e-01 1.183102765401483181e+00 7.779725977879978216e-02 -2.423683525968578056e+00 -8.048189346428180624e-02 -5.063324057839653225e-01 3.120617951111485655e-01 5.328102405369503636e-01
-2.404495184370476490e+00 -5.867779759400582051e-02 -8.851015950103602314e-02 -1.753083938222713134e-01 -2.275120429771109620e+00 1.043636068631806468e+00 -5.165588193764102387e-01 2.884073450126508065e-01 5.907458701227080722e-01
2.503754060510525736e-01 -1.113746708997110035e+00 -9.493227108070683151e-01 1.023123040453899346e+00 -2.906714714538741084e+00 -6.051494297862466398e-01 -5.674970334042496178e-01 3.601947266355879362e-01 5.803079828392101458e-01
-8.888060724142172742e-01 -1.252145882749535533e+00 5.502154548413318302e-01 -5.485963570384319588e-03 -2.405356480337647707e+00 4.891566971625417870e-01 -6.329283221236803314e-01 4.432730564847706667e-01 5.794634885508136435e-01
-4.036956902027518668e-01 -5.262217365460730711e-01 1.879342477576473325e-02 6.095609397811898589e-01 -2.743136574634227109e+00 2.096029260241490277e+00 -7.429341032123645272e-01 5.578083456752330749e-01 6.170012136142075665e-01
-1.627771493015748305e-01 -2.146842807335863856e+00 -3.200719137250822577e-01 5.578349154396845810e-02 -2.479197449733958614e+00 9.078681416689671213e-01 -7.900525667876538982e-01 5.692576063999259528e-01 6.894565155341126905e-01
-8.542135214925496989e-01 1.662645527349598584e+00 9.304758926193679169e-01 8.475271636286330068e-01 -2.849841049231219614e+00 -2.285541997073983644e+00 -4.272482717190167478e-01 1.089810888972958178e-02 8.703293886944963864e-01
-1.038882446405259952e+00 -9.836157490074566301e-01 -2.528618355315646049e-01 -1.142640969126809680e-02 -2.407276104312336518e+00 -2.064779541061412260e-01 -6.494292185702748021e-01 6.468174892331040038e-01 3.131009827032986692e-01
-2.590552402745216476e-01 -1.077078208307943763e+00 2.450106708191857052e-01 4.411523838925450747e-01 -2.681729029862919944e+00 -2.076629400857743502e-01 -5.386237195224069518e-01 2.812341277354756808e-01 6.479178450240923315e-01
-8.805227347014297212e-01 -9.461854551839066207e-02 -2.326674678538678265e-01 3.087262490703580053e-01 -2.620480526709390467e+00 8.181141606726172189e-02 -4.440337381499008806e-01 1.582490157173848944e-01 6.527572295721963958e-01
-1.150396761848535343e+00 9.812673123776469719e-01 1.002803348802701278e+00 2.812659288130772151e-01 -2.541852178640391813e+00 -7.643343518647305324e-01 -5.301788778085522180e-01 1.552261939246092071e-01 8.432942984522727725e-01
-5.429707837942847615e-01 -1.232726032650221182e+00 6.408509487209069766e-01 1.430761911375380280e-01 -2.481543501108002037e+00 -5.730556838473821468e-02 -3.943538377025638253e-01 1.197577762091655562e-01 6.112681447892119868e-01
-7.397780835181828607e-01 -1.081085186226761863e+00 3.709998977722599456e-01 7.698282504804258852e-02 -2.413508021620305755e+00 -2.202689376976203484e-01 -6.334540174197814677e-01 4.140725790040675203e-01 6.260792015389400333e-01
-9.766680288330966686e-01 9.150465394409001973e-03 -6.943900325779134297e-02 2.547057757252143562e-01 -2.587381211152799398e+00 -1.071236269631489768e-01 -4.403978769346139077e-01 1.537026710765067861e-01 6.525661730576621800e-01
-7.919508563580590632e-01 -9.011473740710274072e-02 -4.391634833345636757e-02 3.617974982942951390e-01 -2.598292277495016567e+00 5.268860185142141273e-01 -4.563110677360611156e-01 1.679375026491091161e-01 6.624493665071564674e-01
-8.726986625321022650e-01 -8.850326137870900833e-01 -1.040306013112298089e+00 7.059898773396329485e-02 -2.435040387233189829e+00 -3.917502066488572354e-01 -4.960208436150100320e-01 2.953158786108680545e-01 5.384351041824524398e-01
-3.374990132369040108e-01 -1.340482621471197344e+00 -1.916021651283204674e+00 2.097775002663198052e-01 -2.490269757570578779e+00 -3.768595096650824150e-01 -5.345553399613147683e-01 2.090129673960604006e-01 7.592269968862662699e-01
-7.852137175593252305e-01 -2.740111944020148238e-01 3.839896701492291897e-01 3.013323768066212827e-01 -2.574926520298345789e+00 -8.468137554565955405e-01 -4.312604701608335755e-01 8.515025063378767189e-02 7.482288697423150614e-01
-7.299728618485743503e-01 -7.858088949517780808e-01 -6.823948737544729415e-01 1.961651222422923224e-01 -2.538792423396090125e+00 1.616598072300767353e+00 -8.924994410642987930e-01 7.011424252766813581e-01 6.817661329895441380e-01
-8.746626287908428887e-01 -1.159493139011252005e-01 1.239047960274364701e+00 2.607446579015181842e-01 -2.510177388020783162e+00 1.069849673076781610e-02 -1.104849309555660408e+00 1.285313707232281555e+00 3.033299511592231767e-01
-9.165098049244814193e-01 -3.823123846181131213e-02 1.419578999197264046e-01 2.506291344385767061e-01 -2.524849173942589786e+00 -1.249258693905007878e+00 -7.432351181517296013e-01 4.890974386531553586e-01 7.246724629799523587e-01
6.564016002132500027e-02 -1.380020516128810826e+00 2.362433043738882965e-01 5.759005970938650965e-01 -2.782359152504856770e+00 -9.011298735234136714e-01 -3.921712546421038392e-01 1.446177511063609367e-01 5.668064879597458638e-01
-1.978611210244406449e+00 1.631513007360107848e+00 -1.842080191661878974e+00 -1.862387209108284924e-02 -2.436233320110889444e+00 1.148425708569514647e+00 -4.191038522396637322e-01 -1.114061446846292824e-02 8.905138210093549445e-01
-1.464036114570881120e+00 -3.619421853133543698e-01 1.134896093335865164e+00 -6.164257568396340481e-02 -2.350545268408602340e+00 6.631720076349952864e-01 -3.870438909119778281e-01 2.812683369770271891e-01 3.429845055575602153e-01
-8.748736376955731364e-01 -1.159071261499499128e-01 1.238060176678680513e+00 2.608529590403141363e-01 -2.510182961853995476e+00 1.053534306992058231e-02 -1.104848996120268545e+00 1.285306763584500356e+00 3.033375237066184837e-01
-7.856325435642910193e-01 -1.982993305506780324e+00 6.283518448590881267e-01 -9.967562362979276447e-02 -2.361236617582995745e+00 -4.065104815599693833e-01 -5.245790880902611031e-01 1.733581450206053143e-01 7.991327022396721436e-01
-8.743672999641812771e-01 -1.160083600302995871e-01 1.240430465768775914e+00 2.605930792360689474e-01 -2.510169586864393398e+00 1.092684718466617640e-02 -1.104849748241397478e+00 1.285323425587089785e+00 3.033193525943779778e-01
-8.748707863439437737e-01 -1.159076962307187542e-01 1.238073524544107906e+00 2.608514955728114537e-01 -2.510182886534603863e+00 1.053754775645551582e-02 -1.104849000355419442e+00 1.285306857413464954e+00 3.033374213792765506e-01
-8.601039706417109576e-01 -3.396880290792695933e-01 -8.684465889328005783e-01 2.369319893109096409e-01 -2.551074913002349120e+00 3.376093670763968824e-02 -5.946615212694879027e-01 3.597178459588876720e-01 6.351304789455406441e-01
-7.875724166461528508e-01 -1.980667291651807105e+00 6.265747910662962106e-01 -9.964904659825632449e-02 -2.361146665326778749e+00 -4.043313985137620414e-01 -5.243121717719261277e-01 1.729834405740022785e-01 7.992027085740381898e-01
-1.001909637607108161e+00 -6.899432659998490092e-01 7.416842207910379070e-01 5.945643678103262192e-02 -2.453654400545933978e+00 5.693242525360591166e-01 -2.661954583079445547e-01 5.649369384476937705e-02 4.465401467757857956e-01
-1.472234530781049155e+00 8.970091481391726518e-01 -1.223294263491896849e+00 1.033762496994812263e-01 -2.485429954654397200e+00 1.325318755424108819e+00 -7.866954984804375162e-01 5.707568513852935288e-01 6.806525105322326352e-01
-1.177461737742431680e+00 -3.964653503767602283e-01 2.300809866518504165e+00 4.503215798906187728e-02 -2.460642795343593647e+00 6.045935357490699325e-01 -4.677686965981411316e-01 1.847733801567248146e-01 6.586661906355002483e-01
-5.226255342298351536e-01 -5.892929314754995485e-01 1.995253708817769756e+00 4.200528483914597877e-01 -2.640552157714888271e+00 -7.644124279268642574e-01 -6.708257563165933579e-01 4.103171885145587283e-01 7.073000337391838199e-01
7.112995037829152878e-01 -1.237466022178624447e+00 1.645385584530439704e+00 3.225730184340739548e+00 -3.108986592132658267e+00 -5.547096855929892101e+00 -4.747311346318284220e-01 3.857833399778112238e-01 3.616287684409046355e-01
-1.339050074115074374e+00 -1.081141976098796142e-01 -5.126727774699699758e-01 -4.667688424911886624e-03 -2.361432762579261713e+00 -1.161550264970726998e+00 -6.154952905160637755e-01 3.572497116992660038e-01 6.810168476779805413e-01
-2.620094252646663957e+00 3.287193429921609900e-01 5.751296652026507417e-01 -1.898873056581411589e-01 -2.313660545679071312e+00 -7.133107391325880231e-01 -4.213243098292544508e-01 1.791441362513994384e-01 5.710780037006542020e-01
-7.009467821365322759e-01 -5.677901538341716403e-01 3.567675342994530152e-01 2.762399462259034211e-01 -2.572221741018242192e+00 -2.433493008290288362e-01 -5.844161515266170781e-01 3.982787435083716687e-01 5.539435485807906456e-01
-4.902162263038775669e-01 -6.786810898020817495e-01 3.606271402072119825e-01 4.181450423984664488e-01 -2.645287837069416614e+00 2.973084072813824141e-01 -5.688655284925439037e-01 3.729554386430818935e-01 5.626411967768194522e-01
-8.743470214359428949e-01 -1.160124143876491154e-01 1.240525394452318020e+00 2.605826712027886072e-01 -2.510169051203881452e+00 1.094252669413554348e-02 -1.104849778363379498e+00 1.285324092890474557e+00 3.033186248520304829e-01
-1.040482168060512969e+00 -1.378655066211952551e+00 9.200450980066422479e-01 -8.751647755777211546e-02 -2.312892593819803277e+00 -7.805497535184611202e-01 -8.143626567259569793e-01 6.040014193872742521e-01 6.819773492027962902e-01
-4.126612057236270781e-01 -8.508292928696885582e-01 8.838591120273331381e-02 3.713489637643664354e-01 -2.577397437821360437e+00 -5.578951927477682204e-01 -4.880837684661364917e-01 1.940551075161011385e-01 6.859623689339631181e-01
-7.908820275418879664e-01 -1.967596764590095582e+00 6.714402275438511314e-01 -9.899234850391093465e-02 -2.359672525453923253e+00 -4.078049702352787298e-01 -5.241646039642340327e-01 1.727302971182202718e-01 7.993144400960944251e-01
-5.450739468072327565e-01 -5.747103177665409124e-01 -1.939225393922708873e-01 3.966410484428404271e-01 -2.615561690115791649e+00 -4.460838341480541924e-01 -4.877957375959210973e-01 3.013343281235884019e-01 5.126626076705512736e-01
-2.384148149057497168e+00 -2.865524687258637293e+00 7.712590624245839743e-01 -2.364392753508376410e-01 -2.303537629027228917e+00 -1.455725311474638239e-01 -5.874474978178597651e-01 4.393556320010600924e-01 4.967202865349891194e-01
-9.137170568526369330e-01 -3.991194244820484016e-02 1.472165819029171707e-01 2.521428402866081053e-01 -2.526031657265008334e+00 -1.233657003524375906e+00 -7.438040716640018646e-01 4.895465967101543248e-01 7.250771723022640947e-01
-1.603542098272270344e-01 -1.168945372439970765e+00 2.688775886332025467e-01 4.809444257265945710e-01 -2.705297634197885603e+00 -2.350287606185886558e-01 -5.410388755231130276e-01 2.844814805064299068e-01 6.476258765276923235e-01
-1.155233150446735246e+00 5.913423633605445762e-01 -1.567066512793520161e-01 2.562446505218112791e-01 -2.605665560109709400e+00 -4.056359463254927133e-01 -6.666886318618713281e-01 3.141753654962985975e-01 8.606770514269038719e-01
-8.132313386468336125e-01 -8.156971009252604876e-01 4.186304555682848205e-01 1.152829273800702742e-01 -2.456151874386187650e+00 -3.308353220359339097e-02 -4.705624033233302139e-01 2.459550725499657087e-01 5.650607441624199145e-01
-4.785738978946045830e-01 -2.387266332579748962e+00 1.869707105752022258e+00 -1.275176680120614914e-01 -2.247213496185064052e+00 -1.477057170529949559e+00 -2.908160494576383925e-01 1.239820309425507250e-02 5.677635661797493238e-01
-1.144572793349763806e+00 -5.891383902203617406e-01 1.079570156051224972e-01 1.759825505902583298e-02 -2.427131106793038562e+00 -2.020970944235206401e-01 -4.842307078284824318e-01 1.641673495086079237e-01 7.279179293357499470e-01
-1.935922525125799432e+00 -7.678694681174714765e-01 8.106182250897936425e-01 -1.645498932732189223e-01 -2.336904654592781849e+00 3.648109061857486846e-01 -5.906830426431757264e-01 3.301549878148990480e-01 6.746621031650406053e-01
-1.222213894082484043e+00 1.440968278326415497e-01 5.328234962315465673e-01 1.055285550366361624e-01 -2.478803532633760742e+00 -3.955725772770239956e-01 -3.582669321023559394e-01 1.674678032109132575e-01 4.605761470516645528e-01
-5.119417582943983636e-01 -7.494394195984077633e-01 1.686971662594866750e+00 3.106163394095639019e-01 -2.552452847558429827e+00 -2.255631748680174908e+00 -6.533907690906191057e-01 2.896414014085991750e-01 8.750855090648803625e-01
-3.347295103282328377e-01 1.515470866911134973e-01 -4.631065794298826477e-01 1.523392974857532112e+00 -3.103751799623302610e+00 -3.957462258614214967e-01 -7.126420628762147880e-01 5.644321422696559898e-01 5.504842330950540097e-01
-2.218202550820261187e+00 3.590521699179206383e+00 -3.135736548796291601e+00 3.493341592922411670e-02 -2.543343209150808804e+00 1.021113177166835362e+00 -4.282801654806633884e-01 2.354276558742292580e-01 4.961295604031848994e-01
-8.793199687600037340e-01 -1.783812535493315199e+00 5.608590477870383229e-01 -9.458711348720866274e-02 -2.354233976115363003e+00 -3.316617597782923754e-01 -4.808218904814484107e-01 1.697989626586972611e-01 7.110612267214339033e-01
-9.974948361029676303e-01 -3.003984514780286386e+00 -1.880508114905539152e-01 -2.064811694746992998e-01 -2.231552283109595081e+00 -5.842114067075965256e-03 -3.535746217062498142e-01 1.935914255513261628e-01 4.101548394515509566e-01
-1.109229637028032567e+00 -3.859847629190956697e-01 1.753039044858186957e+00 5.220174661308368824e-02 -2.394303745415640172e+00 -9.748840246144316324e-02 -5.050958373580670679e-01 3.078883618224528829e-01 5.368120661300009866e-01
-1.579888194355395514e+00 -7.014583026058596182e-01 1.026988495844503024e-01 -1.248945094646013720e-01 -2.259819742722140035e+00 -7.475580680767290875e-02 -5.539181997719355710e-01 2.311095753686566723e-01 7.626058626399335738e-01
-4.272424464328327676e-01 -4.097182847755013735e-01 -1.711219672719107132e+00 6.849915751350479365e-01 -2.803615387041081597e+00 1.199851338341157980e+00 -7.667883151565970667e-01 6.005400005692428378e-01 5.979287693870818376e-01
-6.523831200619056858e-02 -1.660674511200459502e+00 3.988907204274104501e+00 2.837828786969094352e-01 -2.621429739390837454e+00 -7.258845337921525642e-01 -6.241425190723539629e-01 4.171128826975788462e-01 6.032526927210460910e-01
-1.240010966847009177e+00 -1.829381505308079525e+00 9.814219941063314634e-01 -1.672019620584359600e-01 -2.294207872725126052e+00 -7.711572167001672362e-01 -5.335489022886167332e-01 3.901083019313191236e-01 4.662031491546642092e-01
-2.076858759325659332e+00 2.393887525980476383e+00 -2.590655391022701259e+00 9.774241207584827285e-03 -2.477499425324020343e+00 8.697763749354906482e-01 -4.649550076046333746e-01 2.845557310787087402e-01 4.930293611027414813e-01
-6.470891783152952215e-01 -5.890213760677545096e-01 4.499027049141937074e-01 2.948495822855088933e-01 -2.547053888392640353e+00 4.618673752314167436e-02 -7.031819075685824538e-01 5.332219586431967695e-01 5.779049108734710671e-01
-7.217373487316901537e-01 -8.464396356910970365e-01 4.933596492972703862e-01 1.732802631801010351e-01 -2.533003252837077390e+00 1.914703082663295197e-01 -2.878894748104166568e-01 1.067755135809525524e-01 4.123312645146908206e-01
-4.999309284272851484e-01 -6.493165438400019251e-01 3.692645670463614582e-01 4.243565770212717192e-01 -2.650014575008425854e+00 2.532448489064735853e-01 -5.718986109464636591e-01 3.791575089243600094e-01 5.589912580368227024e-01
-8.746281712267286457e-01 -1.159562031228948131e-01 1.239209264445896963e+00 2.607269724231208174e-01 -2.510176477818919061e+00 1.072513957662681386e-02 -1.104849360739422748e+00 1.285314841123737617e+00 3.033287145690415354e-01
-1.953368833389087733e+00 -1.225362396091408679e-01 -9.113182081315729377e-02 -1.337630821703147954e-01 -2.329024049156064535e+00 -2.203229747213281131e-02 -8.257735936665171472e-01 5.519658074968241124e-01 7.860027247489467239e-01
-4.080616216520301265e+00 1.112626717759036543e+00 3.511239091521851652e-01 -2.372969127257250344e-01 -2.232827402299135677e+00 -1.421675382029500057e+00 -3.470494459265875409e-01 1.984740661845724174e-01 3.896118722491446196e-01
-1.042208541460564630e+00 -1.691764643530783707e-01 1.059035707501180257e-01 1.638385644108584227e-01 -2.542722204503228944e+00 3.843951391693197772e-01 -2.491175663123298967e-01 1.035209514524049190e-02 4.842097596999989095e-01
-8.739627496343207458e-01 -1.160892431980786593e-01 1.242324263472717405e+00 2.603854422105196242e-01 -2.510158900605042209e+00 1.123964852040852148e-02 -1.104850349166258905e+00 1.285336738082429875e+00 3.033048343607662178e-01
-1.031534185921430535e-01 -6.350995154728101832e-01 6.743298959451388130e-04 1.013467439835361805e+00 -2.913229503970163226e+00 -7.749018577341429403e-02 -6.214406722408747363e-01 4.679889510849210565e-01 5.199439731279006383e-01
-6.722334785395309709e-01 -4.835894329985557238e-01 -1.640971473418260107e+00 3.577452373373121719e-01 -2.655587588946267008e+00 -1.183332882307179812e+00 -3.308087980536627559e-01 -5.465595923104722698e-02 7.671125831721706811e-01
-8.682018783560790931e-02 -6.565722125340941462e-01 -5.938359683894811614e-02 1.033361123920279567e+00 -2.927091273613561917e+00 -1.843023350843812080e-01 -6.322044913375386432e-01 4.819128902138308246e-01 5.197265475782294475e-01
-1.055438906769404106e+00 -7.690618699173922268e-01 -7.009354690313833736e-01 1.790495775496387526e-02 -2.397329187661825234e+00 2.757532610488108160e-01 -5.239252155775304676e-01 3.590224333568416970e-01 4.948634177010147739e-01
-6.991925668644832781e-02 -3.169303249482930962e-01 -1.521613397672080259e+00 1.745436988604548656e+00 -3.140731908126291216e+00 1.399473536112003091e-01 -3.579368603348666578e-01 9.987381459339655931e-02 5.686463827289203188e-01
-1.254469503670398778e+00 -1.287710866365793017e+00 1.181208991186373458e+00 -1.187967012806167982e-01 -2.282586835559584415e+00 3.577627256504396502e-01 -3.672097721703969087e-01 1.361114975044387110e-01 5.281416145269839379e-01
-1.429106257265089441e+00 -1.217960043590935904e+00 2.617082257140056489e-01 -1.359952255429033863e-01 -2.297969915892594361e+00 6.642574451448033379e-01 -5.173274437174221196e-01 2.883311232840256588e-01 5.924452654200575985e-01
-6.510292277415171691e-01 -2.672510726785065849e+00 -1.139563630385397763e+00 -1.780460273967204021e-01 -2.272167558991784464e+00 -1.656073758993468648e+00 -9.198272489196042123e-01 8.459836026705493950e-01 5.253141831584726695e-01
-3.180839488881406218e-01 3.442483876485656902e-01 3.596611043955064702e-01 2.066046808540787705e+00 -3.220263275838569861e+00 9.920199333900114880e-01 -4.476361875069916341e-01 1.548257106009933159e-01 6.677278114871013637e-01
-1.679147100389783986e+00 6.903128631301669316e-02 3.545559740845106056e+00 -8.554850665357363604e-02 -2.270427100427408806e+00 1.970989350868733281e+00 -3.039069213229933508e-01 1.407220010369617524e-01 3.917311465662491332e-01
-7.200001868026665308e-01 -5.590845411759564065e-01 -5.234045917137312154e-01 2.784699585472258376e-01 -2.587560082950395746e+00 8.393331574539695250e-01 -7.145078833656248740e-01 5.716266431107771551e-01 5.420019522262173872e-01
-1.153098658473638460e+00 -9.363693333812340702e-01 4.678572611854280305e-01 -3.230824105980709127e-02 -2.458106214533692047e+00 -6.623976228279355727e-01 -7.580873061950027525e-01 4.877558852314293203e-01 7.564935918787435432e-01
1.086280291295287803e+00 -4.810592003364742908e+00 -1.430191491348138833e+00 -1.810785098473060573e-01 -2.286262653183394722e+00 4.596801103642024877e+00 -1.181395524210053782e+00 6.625502597941181904e-01 1.313872119532523808e+00
-8.505183274911214397e-01 3.034085552095053817e-01 -1.033074903880787598e+00 4.492409282320231623e-01 -2.656147878657958206e+00 5.197023593168482725e-01 -4.979742875883532705e-01 2.488034043922446314e-01 6.168714342635901460e-01
-1.780119882683375510e+00 -9.222909403760117808e-01 1.901209366797438349e-01 -1.611701109131398746e-01 -2.319089096825670104e+00 1.488394901993268515e-01 -3.704554072519328778e-01 1.664614060655509875e-01 4.868501290374611101e-01
-9.276016264945250445e-01 7.513650851540165654e-02 3.918113377806013986e-01 2.687330085793688261e-01 -2.531202872182048758e+00 -1.390471015875665239e+00 -7.359676804066073164e-01 4.797071636070595613e-01 7.253678675342181137e-01
-8.517496008221371318e-01 1.099961352720387198e-01 -1.002789633748276898e+00 4.027588549956566122e-01 -2.659949347013790266e+00 5.799624868579408288e-01 -5.168444260152734726e-01 2.585004785064112798e-01 6.400565147904392349e-01
-5.111976209148493266e-01 -6.753634260303570391e-01 1.258839272257109565e-01 3.606978900433453483e-01 -2.570831558793188698e+00 -1.247335994495047284e+00 -9.104153677970545644e-01 8.526678836641481407e-01 5.002427026971923985e-01
-6.511005130284660547e-01 -7.140682651997984909e-01 6.700703752254323353e-01 2.348672524793501970e-01 -2.493178267949492710e+00 -1.508442975373640582e-01 -6.013771822867569616e-01 4.151962931792788636e-01 5.609286016198217206e-01
-7.007613979981506258e-01 -8.805590256407676009e-01 -1.510698713386136038e-01 1.540735372303601025e-01 -2.463398764657134699e+00 -3.169776284875325256e-02 -4.051278919227632724e-01 1.966354907261234630e-01 5.099199697171441503e-01
-8.062253131990300137e-01 -2.355004494457885733e-01 -9.761542300123563498e-01 3.307537089438525868e-01 -2.628667329912498296e+00 6.643269757075073167e-01 -5.660069859159228001e-01 2.844281526607761457e-01 6.991854712965772656e-01
-1.581117386930374291e+00 9.389417617399430788e-03 9.387498746091692547e-01 -6.127364126800859817e-02 -2.372597028597867475e+00 -8.713624893138682825e-01 -4.675719089244629312e-01 1.662894094230752129e-01 6.888375953347412040e-01
-2.180452344573436285e+00 4.253416996847048104e-02 2.789506204275735701e-01 -1.581614926964863277e-01 -2.297101199536175642e+00 1.040517689655562350e-02 -3.517897010013301129e-01 6.856493869526444906e-02 6.052023943030377939e-01
-8.972307828679274566e-01 -5.119060487645876734e-03 5.428737661646388934e-01 2.548876933159081593e-01 -2.471087739957958274e+00 -3.091626216265042637e-01 -8.435360783982998045e-01 6.309470575303079976e-01 6.960058712983309137e-01
-7.396092231453544885e-01 -1.987322995336498199e-01 -3.376396011630212746e-01 3.754726368959237504e-01 -2.611348625481418217e+00 5.452737982469850753e-01 -4.546607294595551574e-01 1.630826078011216318e-01 6.670341001155321026e-01
-1.094526475711564029e+00 -1.114237865197474475e+00 -1.244630907288765798e+00 -4.804102571159781648e-02 -2.361886454208127262e+00 5.049330030326030228e-01 -6.354197693004197678e-01 5.476230109258916068e-01 4.276144273752436886e-01
-9.958069554838420157e-01 -9.294351014119093257e-01 -1.015929146088275115e+00 1.165022504862240661e-02 -2.390451917450111097e+00 1.297707726827181385e-01 -5.790206966041269165e-01 2.801707390899007555e-01 7.329769518308237863e-01
-7.402137820970341453e-01 -1.048828762868063841e-01 3.174195785929444513e-01 3.910856496571424312e-01 -2.593034444334178179e+00 -2.927762191449639895e-02 -5.496962350139524833e-01 2.894243357587568677e-01 6.571164433180223252e-01
-7.414204200799020539e-01 -1.903557813042816849e-01 -3.279591482258504276e-01 3.775984290273829980e-01 -2.611704087491943493e+00 5.492781153557200202e-01 -4.546555749466529295e-01 1.630734978354272946e-01 6.670408748578272595e-01
-5.442868884863589773e-01 -8.672287636243531939e-01 1.480520731849892524e-01 2.851484932610435230e-01 -2.580035404067942295e+00 -6.782319172514261751e-01 -8.238477258619882893e-01 4.727394279956619871e-01 9.149983551249757374e-01
-4.751528178436720262e-01 -9.350275736114643799e-01 1.178934715505862041e+00 2.880291966126107273e-01 -2.558138838687598060e+00 -1.301346254325113749e+00 -4.684348547516418715e-01 2.142478653852868398e-01 6.118608608243446545e-01
-1.591149554498509699e+00 -7.871183108338151158e-01 2.891393397731388815e-01 -1.364794342558828255e-01 -2.353181381282748230e+00 -1.194764910880099951e+00 -8.776720543180721590e-01 4.885987152359511643e-01 9.990855025635340114e-01
-1.200790445952482965e+00 -6.597747095350769975e-01 -2.146698955007266818e-01 -1.261405514569224895e-02 -2.429219530352125123e+00 -3.681791817501469666e-01 -4.276772846932882510e-01 1.448644374940866175e-01 6.402024015082043995e-01
-7.869498674719610509e-01 -7.301678175438678364e-01 -2.951383739919113403e-01 1.691699204322285599e-01 -2.525678213969708708e+00 -3.354472155325577964e-01 -5.783445253139110065e-01 3.945511062842851358e-01 5.477205372076754397e-01
-1.927030250913865927e+00 -2.410529048963175880e-01 1.281689054901802516e+00 -1.373957139818677842e-01 -2.345602385529836020e+00 7.539856782414383618e-02 -5.996687831363772814e-01 3.360911719907488382e-01 6.833393774370395413e-01
-1.425095712975009699e+00 7.861921655060593039e-01 -1.093152077255896248e+00 1.125033952429159573e-01 -2.487126020037142560e+00 9.763494910467376275e-01 -8.149823546915473393e-01 5.890619747092163960e-01 7.065194399623238031e-01
-8.921037622306169368e-01 -9.155072177677217038e-01 -4.628404205489533574e-01 7.205401899279845201e-02 -2.477675369912641479e+00 1.768188726926562815e-01 -7.329930909843134224e-01 4.968123217993951624e-01 6.921947481761199228e-01
-1.421569492177797933e+00 -1.284118563231949395e+00 3.016600717786566133e-01 -1.393652806750947937e-01 -2.292964063825117194e+00 6.684026803587556076e-01 -5.159204943637530905e-01 2.876525628574750915e-01 5.906626919282021992e-01
-1.207972420947039716e+00 2.509638403105316495e-01 5.940268989129758870e-01 1.533000480319126613e-01 -2.547492551950895301e+00 -2.498420690917266818e-01 -5.995524634520273954e-01 3.142765435610585523e-01 7.192680140771343655e-01
-1.563502756605376298e+00 -5.443022227216091080e-01 8.006209124940566468e-02 -9.651737398719534289e-02 -2.364554917390548461e+00 2.524924857681316581e-01 -5.290543474150654069e-01 3.682971776149761012e-01 4.907976486484141310e-01
-3.744852910376396782e+00 2.318623579858873907e+00 -1.744018649557409706e+00 -1.740182165437993977e-01 -2.288627290720457452e+00 1.542883816005733655e+00 -6.753605469788509508e-01 5.215632461630308470e-01 5.419705171739471750e-01
-1.347551856338660592e+00 -4.331560001912608260e-01 -1.013462432491897491e+00 -3.790344393504652132e-02 -2.394797202500651867e+00 -1.074795796223517286e+00 -4.618501479956772515e-01 1.804960611592224540e-01 6.532409159301567625e-01
-2.348686664609592967e+00 2.537028099231444234e-01 5.927916097036876053e-01 -1.684331334173141403e-01 -2.343030553255957216e+00 -7.203384880895449260e-01 -6.247022548716467671e-01 3.960914337788145612e-01 6.373268445255233505e-01
-8.703440320115380935e-01 -1.608125386553845626e+00 4.605172018100711639e-02 -6.848698344056862453e-02 -2.358123392327989620e+00 -1.914424809145258699e-01 -4.418771667629269317e-01 9.059064385716764090e-02 7.618032137177946916e-01
2.933477249802668441e-01 -1.333886676371252245e+00 3.461065842623794353e+00 8.859359180920850507e-01 -2.904422809286329343e+00 4.873348279472575761e-01 -8.238516452612311136e-01 6.539352022512232576e-01 6.253896940563520301e-01
-1.249338502626921699e+00 -1.764897822303154618e+00 -1.705632271781617471e-01 -4.590846920522607122e-01 -2.096392593366183998e+00 -5.382938151055922660e+00 -6.065897194498700573e-01 4.374893028362753511e-01 5.373162141455255503e-01
-1.082594553463157139e+00 -1.124498809156094348e+00 2.315297466313221975e-01 -4.942198466249393685e-02 -2.369884778814173032e+00 2.006989706548271135e-01 -6.419016657586810171e-01 3.905524855496602110e-01 6.806042260334205229e-01
-1.058383774407916089e+00 -1.131698268879143043e+00 5.468394606466229213e+00 -4.172786514117809986e-02 -2.368327827313473133e+00 1.545533694356425958e+00 -4.669077262989156374e-01 2.102950780951083343e-01 6.148845242876282979e-01
-1.325318342756288459e+00 -5.857122667044388775e-01 3.107987729437215463e-01 -5.166578498266879982e-02 -2.352593468077975203e+00 -1.777548410803556356e-01 -4.818358572195975409e-01 3.029489913625598718e-01 4.979605443237770657e-01
-1.743021857698655364e+00 -5.604008287293094082e-01 1.720077658156007328e-01 -1.304613805342094146e-01 -2.341697713494384825e+00 1.129128722719161537e-01 -6.296901102616531132e-01 4.265446304083500006e-01 5.991120752707239649e-01
7.118540818084633237e-01 -1.237429421488971837e+00 1.645729061009991723e+00 3.227223178005982351e+00 -3.109269174912658862e+00 -5.549269168600014623e+00 -4.747739052995699760e-01 3.859069378843577591e-01 3.615243019503264765e-01
-9.558266822417734732e-01 -1.070900613029837078e-01 3.806475627229505276e-01 2.139890091275112871e-01 -2.517845777050361722e+00 -1.412498960268915305e-01 -3.741207477737494291e-01 1.799549959569435864e-01 4.731937148609541288e-01
-1.673903181569054155e-01 -1.061525036567555924e+00 2.692066372579744460e-01 5.274958683515534874e-01 -2.701412948812184744e+00 1.032428846094259223e+00 -7.089560623163946307e-01 5.153008314926637023e-01 6.166320286923239191e-01
5.715248694465282497e-01 -1.391608943346578586e+00 5.093137844053187147e-01 1.224650272158431807e+00 -3.023856739892984091e+00 -1.613254831375398046e-01 -3.949889978470763063e-01 1.014134899159574443e-02 7.986140101583817374e-01
