-8.144194338302377378e-01 -7.291318887943805116e-01 7.166468283731250999e-01 5.331914715668609750e-01 -1.802756148786418988e+00 1.252307824570862982e-01 -6.653039835345445629e-01 1.867921172794252682e-01 -3.130576188352991451e-01 -2.924533702429779614e-01 6.274653027276836381e-01 1.477768273557730883e+00 4.588564811614623817e-01
-1.014951255729279023e+00 -3.037836682823031875e+00 1.619249938701091240e+00 9.622349423059795015e-01 -1.755015894936305276e+00 -1.402836407686017250e-01 -1.980167955499269050e-01 1.366691659194234632e-01 -5.461606512393937241e-01 -5.779309984020596369e-01 5.951169081917541126e-01 9.053812813439734430e-01 9.502991102332393192e-01
3.920655271321022983e-01 -1.907640543001562161e+00 1.784312405867123363e-01 -1.147554878036504578e+00 -1.457771418303479560e+00 -3.811747691987372733e-01 -3.189459961461248438e-01 -1.435516977994599208e-01 -5.755142766566192503e-01 1.096397332885196418e-01 5.703414830407056435e-01 1.019144774492707350e+00 6.424443241275131777e-01
-1.622793716011916576e+00 -1.252163157955974437e-01 9.162347473947862753e-01 -1.176962945620491752e+00 -1.316886456640587566e+00 -1.210976751970383791e+00 -5.537051908233588948e-01 3.817096166507158439e-02 -2.340676939179194005e-01 8.356451486546591090e-01 -3.086910970875936799e-01 1.970154554601373509e-02 1.557238100924914326e+00
-5.166379552981714696e-01 -1.339606915407673515e+00 1.335804913024527085e+00 4.939655573422724322e-01 -1.795719417270236429e+00 8.247623458719314238e-01 -6.488845663682433207e-01 -2.632824744754007629e-01 2.279081240904236028e-01 -5.507079154288921918e-01 8.686735221672480245e-01 1.295317925995097763e+00 7.504772784151418907e-01
-1.262644409430564885e+00 1.300991102061337168e+00 1.843710955582444688e+00 1.119417688323584459e+00 -1.872289453769443668e+00 5.791710654887306520e-01 -6.896699020762144805e-01 -1.604674576663908669e-01 3.042170346064057562e-02 6.065713933952781023e-01 8.056276804013766668e-01 7.733616778290522964e-01 -1.085159244876078066e+00
-2.943566288657319063e+00 -9.235173535212516382e-01 6.514673762780366362e-01 5.435566608475843609e-01 -1.717477250180929449e+00 3.278652118319017594e-01 -4.286283880109993394e-01 -3.585676143549941242e-01 9.126347490101785476e-02 1.523369728196247441e-01 -3.778909947624949917e-01 1.500163921156905333e+00 1.236419932747545580e+00
-2.968407793728490507e+00 -5.823106990329538490e-01 -3.979840000253362930e-01 5.701244664968659892e-01 -1.722121901578056002e+00 -9.040400731819020486e-02 -4.532475704753606283e-01 -4.658663636643137207e-02 -6.531019185024220519e-01 -1.933936056214684562e-01 6.144704694645407583e-01 1.137815255333880060e+00 2.104323551797068426e+00
-3.919000520796214193e-01 -3.263157623259566598e-01 -9.946423336309058172e-01 6.445374168762564304e-01 -1.951572471185272217e+00 -6.150945941100360859e-01 -1.391069712722687424e+00 9.072892607466058745e-01 -1.005877828059373202e+00 8.932539889922996856e-02 1.912426784945015612e+00 1.319987713214831437e+00 -3.323086927062681717e-01
-2.629461411306870389e-01 -4.155818591816732299e-01 -2.437035358580637578e-01 9.187186946189807024e-01 -1.998322774076608521e+00 -7.852192480045083744e-01 -1.212198855141030318e+00 5.320714620105493342e-01 -2.215308641861203576e+00 9.164970099447500296e-01 3.062753162066384149e+00 1.351178183705939784e+00 -2.462266176490378045e-01
-9.273938895113665870e-01 1.014238472017989334e+00 1.928939821971029644e-01 -3.493626500562184711e-01 -1.711434065232764867e+00 3.279768644640320141e-01 -1.000573846970511216e+00 7.796875131468683495e-02 9.642699500634706045e-01 -1.114298844117540765e+00 7.719747074939969922e-01 8.848167689124027957e-01 5.301653436158751953e-01
-2.544504086615896110e+00 -1.176645865915017186e+00 2.698172977832347108e+00 9.383100126371515248e-01 -1.753642179707308069e+00 5.865266205728385529e-01 -1.006895671381742519e+00 1.457996367694451290e-01 2.760347171435927338e-01 4.314909584780250440e-01 7.385813673956149739e-01 1.607964744465194273e-01 -3.383590287538917885e-01
-1.000727765925283119e+00 -1.215102030827508450e+00 3.971601353174942228e-01 1.041024417690180393e+00 -1.801300137044419492e+00 2.392488246593521550e-01 -3.604554253312743373e-01 -5.126490625845869786e-01 6.198730743742111304e-01 -6.644832256917880819e-01 1.435908729232572290e+00 2.203714798515823137e-01 1.877284660280129636e-01
-1.096178365649055131e+00 -1.128637261079481036e+00 -3.596811191117976758e-02 9.807037024248934642e-01 -1.793913341324668842e+00 -8.835247327986939236e-02 -2.085927168641710239e-02 -2.833869094899226226e-01 -4.599390054631449232e-01 3.173855116228085915e-01 -7.441747541650090003e-02 6.750539910320698667e-01 8.533158750439903129e-01
-8.544052632473062014e-02 2.447802437651213747e+00 1.374682460794822259e+00 1.936192005561527596e+00 -2.639854075835894598e+00 9.086072853340985134e-01 -9.390075239460933254e-01 -2.248935661206603320e-01 -3.336850840024060405e-01 8.392797125700443006e-01 1.928321961490716330e+00 1.020804765100885803e+00 -1.275034333884313975e+00
6.430116488680381881e-01 3.652039211579949374e-01 8.068357873884259845e-01 -4.412202743606024047e-01 -2.855178747119341054e+00 -1.954393451990852792e+00 -4.143321880886581821e-01 -8.784184031198544185e-01 4.663216572333311882e-02 1.379691073686117875e-01 6.123599808544659684e-01 2.212295311276057941e+00 4.083295871008425504e-01
-6.374297645156957737e-01 1.297457933748669134e-02 -1.549605581253949982e-01 4.526504422422713558e-01 -1.890968863111549547e+00 -2.547102759160482788e-01 -2.537689302785267054e-01 -3.240408223911235286e-01 4.525180040986827024e-01 -8.651748748044698623e-01 -5.156023761520556192e-02 1.461871673866179000e+00 1.162227868429802413e+00
-9.186186233971291859e-01 -2.286683267732985692e-01 -3.426324812903522865e-01 -1.229407202786734432e+00 -1.374944378307391357e+00 -1.050268104291689486e+00 -6.438370507853433677e-01 1.612640357004118397e-01 1.628639633988407387e-01 -4.276094027240225359e-01 6.703421483059224251e-02 1.218902356050219682e+00 7.262354950342629900e-01
3.275180401590840340e-01 -9.996245922094415537e-01 4.609836652297211179e-02 -4.946779805912564498e-01 -1.831080605797805516e+00 -6.614266824606013229e-02 -6.265243787643854922e-01 -2.638341223297283045e-01 -8.303512517093231127e-02 1.605419807212681294e-01 8.337635489357995144e-01 1.025339453340011309e+00 1.669921011484960527e-01
-9.522328822170911256e-02 -1.328765869664493837e-01 -3.152189063491099841e+00 1.952790816038748600e+00 -2.205374476455055799e+00 8.457743420904821896e-01 -3.974407022930505629e-01 1.064583940245981131e-01 -2.795109602898992462e-01 -5.082565523122155593e-01 8.912492048059046379e-01 1.105711994264755749e+00 9.125682365224349613e-02
-9.706909943326391677e-02 -1.767152818988455554e-01 1.878680917422556718e+00 3.820186965747116581e-01 -2.050516984713787849e+00 -9.818114072264421122e-01 -5.845407771127431040e-01 -9.831394318040920233e-01 5.856811103925132489e-01 5.988227103174328381e-01 6.857032523130933699e-01 1.218531617006160417e+00 -7.079187385257248444e-01
-8.043385776235721929e-01 2.838103588492900120e-01 9.666321578288838978e-04 -7.210303566592322078e-01 -1.588163596885992179e+00 -5.907220112399715894e-01 -3.752528102074228489e-01 -2.131231751899949900e-01 3.264530301625255815e-01 -5.195411940633645198e-01 1.717770562367869625e-01 9.437145101396561264e-01 8.902773944194686262e-01
-1.520570075275785804e+00 -2.885117341676117220e-01 1.489746569300935963e+00 -3.680134656353910572e-01 -1.561183450773632631e+00 -5.042544910481281395e-01 -4.895280175304991266e-01 -1.351004305184628773e-01 -2.234628441055349635e-01 -1.979499005780845922e-01 6.096671979486258941e-01 1.193009677599076834e+00 7.725404551626200433e-01
2.259369834594784909e-01 -3.114413266411122372e-01 -1.516063950557419715e-02 -7.111208812062504991e-01 -1.937117159836790448e+00 -6.340529656845311779e-02 -8.809351382624930338e-01 -3.299897560222257997e-01 4.823283788138278960e-01 -4.996885683130614098e-04 6.573056001266319726e-01 1.437243849160981801e+00 -1.160917143871137702e-01
9.066047418243200484e-01 -4.159297740590293557e+00 -9.936122916203871114e-01 7.592575566577390855e-01 -1.648544496823858507e+00 -4.013250111415063159e+00 -1.410899205728596284e-01 -4.239074931431507376e-01 8.784158958016501373e-01 -2.780465169566973538e-01 1.677301258636030301e-01 -8.579104247187093746e-01 1.258150068470206939e+00
-2.930947308178182720e+00 -3.596110542143208244e-01 -1.249543379928807152e+00 -1.447830002619678647e+00 -1.216454391109692779e+00 -4.783574631962244639e-01 -2.285231400850854522e-01 -1.453373747769350910e-01 -6.833946912169277521e-01 -2.764257418394935883e-01 9.960625977545503051e-01 8.670768373888249059e-01 1.069860012986272091e+00
1.242087209345323462e+00 -1.447104313620281024e+00 -6.094508851131532623e-01 1.644573412656965772e+00 -2.274956589975971610e+00 2.048104345671799109e+00 1.738498135006103229e-01 -1.199989561556943363e+00 -1.813068714075190435e+00 2.777331381217192252e+00 1.018693845557415933e+00 9.613564193200874186e-01 -2.673488844017096744e-01
6.239269732113110756e-01 -4.843007772113727682e-02 2.948308353401176696e-01 -1.979855178099947377e+00 -2.088896390469733522e+00 -1.419113499961240699e+00 -6.027593929767248726e-01 -7.581552441768536488e-01 -2.719798753563388849e-01 6.104191586507541345e-01 7.713094926464663104e-01 2.070260885757019942e+00 3.647116134449057689e-01
-1.192524903882810960e+00 -9.547377605776169451e-01 -1.582077085196862409e-01 5.373892115989167273e-01 -1.747002258539597896e+00 -1.174044078856908424e+00 -8.882640895522213587e-01 -2.915285572637950073e-01 3.347317447897216747e-01 1.454359958082716842e-01 5.341366285363652322e-01 1.381753101935416783e+00 1.318827145121436728e-01
-4.411961202110114555e-01 4.722162983406896775e-02 -4.824040638642704826e-01 2.707214800133739829e-01 -1.932999312581570317e+00 -1.153990483044164961e-01 -3.201718450657206061e-01 -4.007990721428517089e-02 9.909486902664799146e-03 -2.260019354763302402e-01 -1.109124877480191507e-01 1.132903957812851914e+00 6.236756843157178487e-01
1.343959613321773050e+00 -1.010258692630043642e+00 9.368880409881208404e-02 5.849221616993038886e-01 -2.546901019315410686e+00 1.760499528582420758e+00 -6.195285489169224391e-01 1.829201928934602317e-01 -1.098885613214002355e+00 1.217063680718561081e+00 -4.458012742554221530e-01 1.809352445109321472e+00 7.743781242550511479e-01
-1.020778512560247542e+00 -8.273545280919177847e-01 1.785986650822855015e-01 -2.606853539322135926e-01 -1.614264850519008032e+00 -5.039112511381516057e-02 -5.477771887059921241e-01 -2.735806812697315071e-01 4.340148892840844930e-02 -1.976521314875689939e-02 9.055381069957929574e-01 6.715838879902650271e-01 3.151907331828577297e-01
-2.129686796576740093e+00 2.424761894540573337e+00 2.267146653719740002e+00 2.224523569050289029e-01 -1.701477368444963112e+00 5.384571231727375284e-02 -3.610162670889788261e-01 2.582266659245300300e-01 -1.646473606442133253e+00 2.619760403389825854e-01 4.833324084077533778e-01 2.044077693567095455e+00 6.796235822639395963e-01
5.073104612059103902e-01 -7.187002922595865373e-01 7.440389802717406464e-02 -1.078329071742100131e+00 -1.838770289314563211e+00 -4.026524624859268431e-01 -3.788722801327362166e-01 -7.925170813099007283e-01 3.325780538181888346e-03 7.045335425206120661e-01 7.399703849713217263e-01 9.250892654059756914e-01 -3.166323528363097495e-01
-2.405661213377142893e+00 -3.092175887232577303e+00 -1.437641184416787121e+00 -2.742819885755540810e-01 -1.545255884853208528e+00 -5.245984882188372556e-01 -1.539967710706099391e-01 -5.741013473223285368e-01 -6.744503107289394617e-01 5.725388019819405150e-02 8.971064759972713354e-01 1.587539725917829880e+00 7.115065520469937566e-01
-2.738817275552583030e+00 -1.427871192300669279e+00 8.732202398963477830e-01 9.701136577612131662e-01 -1.754942626119604832e+00 1.064192382322880492e+00 -4.218958620862165998e-01 -5.373362839278225667e-02 1.257952075386081781e-02 -4.512867454578929349e-01 9.933643156362815807e-01 3.563577588614835756e-01 5.681719900286710256e-01
-5.752650978759874523e-01 -1.040250752790846667e+00 -1.149889962701294177e+00 -7.150986329866122482e-01 -1.531409795742887381e+00 4.034258293370527326e-01 -5.870621854885529345e-01 -1.191405876776804457e-01 2.428710551817760965e-01 -4.713623791456743040e-01 1.074165686714463552e+00 7.100516008005739454e-01 1.166019818706955091e-01
-2.120063745890128359e+00 -1.070919586208667340e+00 2.487584570090438874e+00 8.397348062453873219e-01 -1.729316079235389658e+00 -1.841888034027012955e+00 -4.284255687224106657e-01 1.041657011385219711e-01 -9.681497899486385394e-01 8.722735732444164558e-01 -3.983152545408448209e-01 1.251325125698104390e+00 1.209665732862484022e+00
-3.773047511726693726e-01 2.654600616622505349e+00 2.274385368060074519e+00 -8.368726885549473415e-01 -1.940704269984930841e+00 2.357067444864905603e+00 2.043756820981296185e-02 -2.725503067492231479e-01 -9.612569979134580889e-01 5.417607747265182905e-01 4.900585895562090122e-01 4.802436014617198490e-01 5.417840724028543109e-01
3.492263206853094548e-01 -9.676620857157549604e-01 4.572266332732842775e-01 -1.068217019891115172e+00 -1.680248462125887521e+00 6.672464477162125540e-01 -5.001760981873263345e-01 -6.724932853066251104e-02 -3.269014039156098450e-01 2.928911865084922461e-02 4.756385391209130287e-01 9.816506592417990618e-01 8.014945774732544770e-01
-2.024454843062601928e-01 -7.047712650732257389e-01 -5.750944341198443999e-02 -2.495075980659362536e+00 -1.215596675736577037e+00 -9.339380838050992395e-01 -4.979659786826629020e-01 -2.632519644276481996e-01 2.370570858519570057e-01 3.778610686204345037e-01 -4.000795403829822128e-01 1.088111953680445332e+00 5.062118044999812660e-01
-5.453489071550001732e-01 -2.558393029184882761e-01 1.056841013243119964e-01 -1.568262516282678432e+00 -1.364503372529591640e+00 1.681310796259531115e-01 -7.102155302898108813e-01 -4.611079429094887550e-01 6.225672250645114536e-01 2.148452663752508651e-01 -4.621176931361489770e-01 1.434657833433053975e+00 1.089670765521598472e+00
-7.338460547988476801e-01 -1.604286083863460388e-01 -4.429682865351516341e+00 -2.954261192637139821e-01 -1.799840344075928744e+00 1.672085429989595307e+00 -2.355817978726897910e-01 8.427850306373422251e-01 -1.053710844798209534e+00 -1.217117561872682607e+00 3.881683721377054419e-01 1.636143079523440402e+00 1.036887240713135760e+00
1.042415461615717964e+00 -2.236459884359067729e-01 -9.378762371764501893e-01 -1.171949401874681440e+00 -2.699994894454134098e+00 1.553060921570038166e+00 -2.596247506033074748e-01 5.979360357538067161e-01 -8.222813708719236558e-01 -1.675254499521921792e-01 5.075998754669455160e-01 -3.108670894336191814e-01 1.387044868221498195e+00
-4.252098221424421842e-01 -1.192963731749875134e+00 1.122319578532127160e-01 -9.358609107363102808e-01 -1.468394235067568276e+00 -4.377806450147710970e-01 -6.858851635848436379e-01 2.352248654612007772e-01 -4.903061429045191821e-01 3.521015440910673089e-01 4.067257100835121597e-01 8.043201050319239709e-01 4.190676727512284705e-01
-1.499358209913715267e+00 1.402916475279954112e+00 6.954901048857407009e-01 1.017888390294215739e+00 -1.808426407320745444e+00 -2.049564202877826258e+00 -1.052133175375715435e-01 -9.135993775521474847e-01 1.641284035984617029e+00 -2.158722269386887382e-01 -2.141749066223079367e+00 1.782800480415504207e+00 9.894830125743454552e-01
-1.085500094905941681e+00 3.241517911782806349e-01 -4.218163018400798769e+00 1.133604422365139364e+00 -1.985454964565871228e+00 1.199499936126700250e+00 -5.309572042798204050e-01 4.371986709254871983e-01 3.035689221455104003e-02 -1.125027721118968982e+00 4.818338413435144796e-01 1.577373770863592872e+00 1.004036859452840380e-01
-8.470576043602988658e-01 -1.002808576249532901e+00 -2.277336527119655507e-01 6.058228206825417850e-01 -1.793781404215840647e+00 6.000714853944980609e-01 -8.062648061648869380e-01 7.058867131647583726e-02 9.850318844286776176e-02 -2.428370780370810444e-01 1.056996923043767911e+00 3.835043742756261143e-01 6.174678433579877668e-01
-6.682936068428537713e-01 -1.319162814180717680e+00 6.797658890064551818e-01 1.099370025456127387e+00 -1.827900035364707687e+00 1.609141801602917976e-01 -5.542735804437447511e-01 -2.326447785991558881e-01 -6.050615363449920459e-01 5.848954036094581310e-01 1.596849119980569665e+00 2.647439984142153646e-01 2.628099972101628490e-01
3.251911958210058629e-01 -3.895584242816418907e-02 3.369556776665572073e-02 -4.490966208386808489e-01 -2.194770649769647086e+00 1.532750613181386168e-01 -3.925361180142706852e-01 -2.007253471074032514e-01 2.596055378961870108e-02 -9.206630956522243725e-02 5.943150192224260220e-01 1.070740476109810768e-01 1.175293908083855809e+00
-5.348241600569126897e-01 -1.215253723034505740e+00 3.518075605123665017e-01 -4.246545085804006581e-01 -1.605592967932806703e+00 1.011049808311101472e+00 -5.310553802355464370e-01 5.333810944502807017e-01 6.152026290248350238e-01 -1.305624183075461797e+00 -3.965168567616612627e-01 3.980343683471970762e-01 1.954308017306006562e+00
3.638249828748194581e-01 -3.884765565095445461e-01 -2.112174306302452287e+00 -1.468887806963474763e+00 -1.809408807687775678e+00 2.554129316300162156e-01 -4.386480743503796687e-01 -1.358834384729875611e-01 -3.264553263294754371e-01 3.408077558720509770e-02 5.864124681567239872e-01 7.508008686088087913e-01 8.901931494418375834e-01
-1.018107971678506640e+00 -9.422021931912132331e-01 1.789651309489354025e+00 8.604950427981046257e-01 -1.802380696077243494e+00 1.391264151327014531e+00 -1.032650492142746179e+00 1.683007879219531877e-01 -1.734210682025627281e-01 -1.908722858488293150e-01 1.453102463583436865e+00 4.154237606673598648e-01 1.226139609270149533e+00
-6.518725457009225677e-01 -5.056838674097927644e-01 -1.669841527458705954e+00 -1.810069004888772870e+00 -1.263987926801525497e+00 -7.777905886211100572e-01 -6.296084033763416077e-01 5.668736207952596029e-01 -5.478044555045271657e-01 -1.445655094686330688e+00 6.509291601340208011e-01 2.415225321491797139e+00 1.733162848110191945e+00
-1.502260365066355297e+00 1.408349026583915586e+00 6.989931076219700889e-01 1.022000714961686541e+00 -1.808835414026121136e+00 -2.052293303541762981e+00 -1.046273101927710780e-01 -9.148738608802984285e-01 1.646462563548036773e+00 -2.173313540496424334e-01 -2.147685590791450050e+00 1.783894728214336034e+00 9.897626924974987084e-01
-1.046225793940083193e+00 -3.755603642173266365e-01 -3.676610057850111524e-01 -4.284689528056508934e-01 -1.591075966716829937e+00 7.144103714764158397e-01 -3.659226613393040672e-01 -1.942220803628466608e-02 -2.340915250979019313e-01 -3.549380055841344639e-01 9.037811453086004310e-01 2.323819598831893818e-01 1.131991457321908534e+00
-5.066640698285538313e-01 -8.883579450129088784e-01 -6.738741934722427551e-01 -8.370151983097189330e-01 -1.511117521480738857e+00 -1.213459854577817243e+00 -2.629410423505967875e-01 -5.372671197749447902e-01 -5.059966392797228263e-01 3.828874733109339790e-01 3.631921551591058561e-01 1.386821396456059619e+00 9.310567108276650572e-01
-2.829382921623855740e+00 -1.673482698600939012e+00 1.092185452051777528e+00 4.786138625587147422e-01 -1.702909272545322761e+00 -3.767328171968264972e-01 -6.956858066295259491e-01 -2.332565833331342042e-01 3.214982925019608806e-01 -3.672467588129372240e-01 7.445816717877484781e-01 1.286813312604187409e+00 2.968062986140668214e-01
-1.094447173497909764e+00 1.983986969169999171e+00 5.680795699358944795e-01 1.198582269481010210e+00 -1.929185240560497672e+00 5.651700848358390261e-02 -1.103338217758523587e+00 -1.291010987141343769e+00 2.837549022087074158e-01 1.473877634883113741e+00 2.171191429581039944e+00 1.871998873317948231e+00 -1.697724836962501538e+00
-1.614642769923545051e+00 -1.773677217632681158e+00 -1.105826803616936749e+00 9.251291348609945731e-01 -1.750643974898360433e+00 -1.105042107632664417e+00 -9.248914289002430067e-01 1.331458514305040586e+00 -1.878599906311454681e+00 6.175710834327935439e-02 2.535828706803594512e-01 2.935432725025610701e+00 4.352017294106455547e-01
-1.042656315097773678e+00 -2.005988956533768963e+00 -8.080256316634177871e-01 7.909866242902818811e-01 -1.763422885474069890e+00 1.400292679408047469e+00 -8.885341802178530202e-01 4.320608876513869490e-01 3.588586848419514919e-01 -1.171864989922434486e+00 1.343279424468882155e+00 2.532204786299695476e-01 7.125001728192290607e-01
-4.841518556813678709e-02 -5.249547975773719566e-01 2.711264044152068009e-01 -6.160933914570982939e-01 -1.763910544543975334e+00 -3.437263676118720301e-01 -8.998021076226387915e-01 -2.723791168905300569e-02 -1.484846801306954900e-01 2.566538669933909889e-01 6.208537751435250218e-01 1.469369963360541265e+00 1.591424492139421054e-01
-3.453317585041668081e-01 -2.456903001894763516e+00 7.091774222244171533e-01 -2.507121896892151591e-01 -1.593618292329527231e+00 -2.821399351087895413e-01 -1.900039905413752339e-01 -5.660029183975325839e-01 9.004566445381759210e-02 -4.301486918749494182e-01 2.360177187550843714e-01 1.236038380487812338e+00 1.601078621023768633e+00
-4.704880060628211513e-01 -2.864155761365399400e+00 7.067908385183784281e-01 -8.997575896559814601e-02 -1.616144926737814957e+00 -2.050608246531919199e-01 -1.213097233144696391e-01 -6.725324823284415388e-01 1.032199033025157642e-01 -4.968662504729437490e-01 3.279049628385914961e-01 1.323751158768015745e+00 1.458964525007954816e+00
-1.463797376106961590e+00 -1.752996794291454830e-01 -1.400528046864007559e+00 -1.048912230298458592e+00 -1.373634020613331286e+00 -1.179834761772478480e+00 -4.298640421736562578e-01 -5.291658909523768717e-01 -8.832439220620580400e-02 4.854504645138774110e-01 -3.882112350133637424e-01 1.567761080036750743e+00 1.628870623270146201e+00
-1.133087026780082773e+00 2.195471184009073484e-01 7.392078916902913299e-01 9.012526486209733456e-02 -1.706976733271826641e+00 -2.254475954977528840e+00 -3.926579451445608715e-01 -4.003895865655653363e-01 -9.014942248458096552e-01 1.819982555233821353e+00 -3.077886909467075771e-02 1.212817998739066372e+00 2.754149413755823117e-01
-5.691613370022724494e-01 6.912843299885026438e-01 8.077146786024593794e-01 -4.647802843196691125e-01 -1.779186948737599083e+00 4.288666726845726807e-01 -8.914567765070763317e-01 1.698382655028506383e-01 2.888177874321259386e-01 -5.537214172031215687e-02 5.050305189697845698e-02 1.214774099568262322e+00 2.748330268732392945e-01
7.095682751325731452e-01 2.309081351304719532e-01 -1.824421893510971560e-01 -1.467857585323502301e+00 -2.584943959037579564e+00 -4.034584115053779230e-01 -8.969432893337552226e-01 2.859857217266673635e-01 -3.256127885431072677e-01 1.890203371358450957e-01 1.230814120973199755e+00 -7.824044688886289123e-02 7.959886647741727383e-01
-1.226216811750962865e+00 -1.300718591149609971e+00 1.084222783094454523e-01 9.515833564907782982e-01 -1.777822599074746934e+00 -3.307267067333802268e-01 -1.090432942422638218e+00 4.503948033490542402e-01 -9.834023709237349475e-02 -3.702240047649160148e-01 1.507158360984440559e+00 5.340636062286067132e-01 2.977205221841669469e-01
2.587990348011464659e-01 -9.972315126526514195e-01 -7.338593984859851371e-01 -1.683847119113552893e-01 -1.896813292459620826e+00 1.122117851540917755e-01 -7.502679659712070404e-01 -2.367595086460678733e-01 -8.311886520496125641e-01 4.142093589859584535e-01 1.460504869560241836e+00 1.592405134235923114e+00 5.255231810893219446e-01
2.787398324903307412e-01 -7.931330350175133104e-01 4.030325435654711352e-01 -7.512102052193831980e-01 -1.795781870274569147e+00 3.311639954108211992e-01 -9.487414591673566377e-01 1.925510800275717360e-01 -2.519862279248268333e-01 -1.037399141240262779e-01 5.404230344696857591e-01 1.779264254049365057e+00 6.694043365836281900e-01
-2.194111569285170926e-01 1.603537117543470947e-01 -3.383682047660054870e+00 1.982010163299097849e+00 -2.225541534981468672e+00 9.354541099172155594e-01 -4.968025280252449383e-01 1.423644793862823277e-01 6.501251086520359879e-02 -6.885948307124458712e-01 8.032807992189016089e-01 1.233959512700829819e+00 -2.643356112012541503e-01
-3.810427352600856410e-01 5.233302201890582817e-02 3.521065583657483344e-01 -2.608518978262450716e+00 -1.255808375907742303e+00 -1.387333577147702002e+00 -8.053770770948925906e-01 -4.883867753271202705e-01 6.967726761094441557e-01 -4.511830901016046502e-02 2.992948373688786856e-01 1.346698509857034098e+00 4.494253240414073369e-01
-6.928750140944410774e-01 -4.894828969276476260e-01 -5.438077801676260981e-02 -1.591680871831336219e+00 -1.298496727336174050e+00 -7.727288251488112492e-01 -6.625951859095079444e-01 -2.736839151149980109e-01 5.181009923901237491e-01 -8.022369107605516192e-03 1.910219837456228476e-02 1.226685440895002754e+00 3.004292623503821980e-01
6.507634252434981725e-01 -2.686793255205710551e-02 -2.930306534841035093e-01 -1.394813584689287511e+00 -2.278258806652809554e+00 -3.976976033733198856e-01 -7.230488888701835926e-01 2.238674500142054380e-01 -2.042934000388371141e-01 -3.987215344373218340e-02 1.048416069704374287e+00 -1.557691304402625265e-02 8.093818885944366048e-01
5.010938434990008794e-03 -2.128478400476774279e-01 3.641318597395475365e-01 -8.445021070391223184e-01 -1.794766526896937053e+00 -5.352749503160009192e-01 -4.418213745889533195e-01 -7.102364621192723826e-01 2.548500155774366949e-01 5.536226008549727240e-02 4.924668259021861560e-01 1.534399875340520358e+00 2.908616630355715937e-01
-1.700499989969911363e-01 -2.734681898296731362e-03 -3.084398369825527730e+00 1.778306066779933747e+00 -2.201063471387728843e+00 8.318338259277012758e-01 -4.694239097936551142e-01 6.067595337578769732e-02 2.037655006721061923e-02 -6.445430848692480508e-01 8.419101535101964906e-01 1.239398656377898256e+00 -1.229018227781727701e-01
8.572741409119349898e-02 -3.451023106867374679e+00 2.394691216154957836e+00 1.000352241460199743e+00 -1.780500124306103604e+00 3.224217592468616278e+00 8.830210471535693273e-02 -2.411831995378763693e+00 -4.723292162366876656e-01 -8.474834259278241078e-02 3.068604370508233092e+00 1.569214069085562713e+00 1.903959533853120556e+00
-9.289496261849463643e-01 -6.988111352198711490e-01 -1.988643298643871571e+00 8.956309440774348207e-01 -1.839447164710336757e+00 6.000456953634014656e-01 -3.755079210377582077e-01 2.030921322250677230e-01 -1.930859725336986354e-01 -3.640002060566436271e-01 1.832045133515416424e-01 1.140766448629532359e+00 3.341189525491838896e-01
5.684229006638302772e-01 -4.802968000994867759e-01 -9.029790206690070375e-01 -1.667900025635378203e+00 -1.839451368596921599e+00 -8.917739622368974217e-01 -9.354467583557596333e-01 -2.291376231913377914e-02 -1.781164949901172800e-01 6.169920620371533992e-01 4.011393989150029427e-01 8.106977438669459302e-01 6.449796198646616796e-01
1.738692518936038711e+00 -9.268789400952783808e-01 1.240552202697444262e+00 -2.747097006020930987e+00 -2.135085768334730183e+00 -1.777434692672364758e+00 -1.285995294874367589e+00 -6.789000460245103730e-01 2.269313493889746902e-01 1.452561662823130151e+00 3.700297280201552130e-01 2.426209382163818429e+00 -2.509045192300760618e-01
1.142404393394113704e+00 -8.241484066090574157e-01 2.328364146206597374e-01 7.667822618561108694e-01 -2.599219798598715769e+00 1.571465892984286850e+00 -7.413066357232648285e-01 -8.612621523193582096e-01 -3.189934246476521240e-01 1.089648973699887113e+00 1.762119005401147742e+00 9.081702411277777776e-01 2.193032109539153063e-03
-8.006690116782204658e-01 -6.140702443412417999e-01 -2.990077295958846193e-01 -3.725519737042849444e-01 -1.624445236745885923e+00 -4.086094196455558603e-02 -6.694356741331766170e-01 -6.834820933900231932e-02 -2.958290896709728224e-02 -1.932088751516071734e-01 9.596993227890897593e-01 9.348642168328854529e-01 2.698121301348142542e-01
-1.086712174858425639e+00 1.370299612183408122e+00 3.115464462185516537e-01 8.636966900257677660e-01 -1.894565651007419138e+00 -8.281067971932382088e-01 -1.224320762570589860e+00 2.507467792421980146e-01 1.552267895173074619e+00 -6.782701849444797704e-01 -3.859411449831016139e-01 5.662918201882725100e-01 1.297717814996078411e+00
-2.116432635178244759e-01 -1.042269260688374111e+00 -5.251934161418481128e-01 -9.753806533526528932e-01 -1.519766675907888498e+00 4.597003623100688330e-01 -3.378871550501988397e-01 -6.413323837632811664e-02 -7.209456321720357774e-01 5.664925709972559176e-01 6.509989859565576964e-01 -3.539964213215911482e-01 1.933024888449731193e+00
-1.229837765513573489e+00 -5.430346630139990527e-01 -5.228295471007174400e-02 -1.349287180043894363e+00 -1.279439818467928536e+00 -1.775213106660900264e+00 -3.803106897817555843e-01 2.006574913484892586e-01 -3.609248308912073044e-01 -3.309713515253532856e-01 -2.126156236553722323e-02 1.085910789771509011e+00 1.419610693209123253e+00
-2.525693330672870163e-01 -3.992676162430299769e-01 -1.135462732814970011e+00 1.081841151197612483e+00 -2.026581020732554972e+00 6.105873158582961757e-01 -7.325919739492330329e-01 1.523219545533739672e-01 -7.995621433520555543e-02 -3.950277815428747674e-01 1.045195919893711967e+00 8.368141262169256356e-01 3.702472235195297667e-01
4.159145250896720825e-01 4.264117788617577398e-01 1.301116388174970773e+00 1.082353432889113926e-01 -2.673414519792323141e+00 7.329678132577656102e-01 -9.665862183011784126e-01 -7.544816908268736633e-02 -6.776097240834086932e-01 6.317933910291894106e-01 1.116980289821430272e+00 1.290006283466956560e+00 5.210102645238392505e-01
-1.375084657583469205e+00 -1.608123125946649967e+00 7.619158501453844323e-01 4.539235572218321968e-01 -1.720667506194150320e+00 9.008872588146088489e-01 -3.354238888277042419e-01 -2.074284524175051270e-01 8.628063157073895262e-02 -2.449622927131107630e-01 9.152533419578287033e-01 3.093113277138760386e-01 2.152081337125049121e-01
2.370670432758545387e-02 -4.391822442380154956e-01 -3.640510352802186489e-01 -6.484293162392976706e-01 -1.810762391605337696e+00 7.384127551180369453e-02 -2.697648210770761112e-01 -5.740657289350387105e-02 1.935672413799957581e-01 -1.317778494416928514e-01 -2.748612622695467689e-01 2.199418984954719103e-01 1.413312369617354181e+00
-7.941991417366132122e-01 -1.638922541716608894e+00 1.019779622896029414e+00 4.086226395677585721e-01 -1.741546433022284956e+00 1.282214727235274410e+00 -5.518908464078204901e-01 3.101338376246876027e-01 -3.962695976423070143e-01 -1.521919591122550264e-01 1.048667381644245111e+00 6.127406133930177745e-01 -2.040559887934629835e-01
-1.819142804713433925e+00 4.795718829390043236e-01 1.226261288198252086e-01 9.993406118864827103e-01 -1.784811964845418819e+00 -9.843878515183024369e-01 -1.244519293142170469e+00 2.802468226240402149e-01 3.823679329158147233e-01 -1.922527408652032754e-01 4.461474553884184346e-01 1.677679048655319471e+00 -1.461298925712944397e-01
-3.012732005353888631e-01 -7.115612768850950731e-01 5.820516642769790749e-02 -2.135630289965866346e-01 -1.756086221231681677e+00 -8.378455849230117547e-01 -6.599587243973613626e-01 -9.876049613199633370e-02 -8.434626411016944436e-01 7.046655284136753572e-01 6.850712561009300039e-01 9.360267419173764480e-01 1.005315114724153247e+00
-1.574020902072255090e+00 -3.041534098129951236e+00 -1.232532755804865765e+00 9.766074204993897556e-01 -1.756243512653635319e+00 4.675043131451916523e+00 -1.077595222030499400e+00 9.619026111485720065e-01 -1.835951364946609932e+00 1.694356524885170412e+00 1.523697571979558685e+00 -1.194401112732619286e+00 7.811726079017971003e-01
-6.007143992130603571e+00 1.351653751900245837e-01 1.775792062665132676e+00 9.673978755344778691e-01 -1.751220861065898582e+00 -1.922639921132520691e-01 -1.342419080996023251e+00 2.412043502969045683e-01 1.248061232753542971e+00 -1.749305446300355671e+00 1.789759821810342988e+00 3.140100894011319532e-01 7.499232691188844058e-01
-4.234171916996136709e-01 2.865978505889248407e-01 -1.798286727088656556e-01 -8.119990896759635701e-01 -1.694522479641906276e+00 1.686881461298170293e-02 -4.951923940784095923e-01 -9.831010044672008896e-02 2.818728069721198048e-01 -7.267988005709948018e-02 -1.950771442361653452e-01 9.365374939076035465e-01 7.036339343998065932e-01
9.281247295948713560e-02 5.336136409168942940e+00 -4.581482278333080416e+00 -6.528927640123376896e+00 -3.075422927225631042e+00 -5.525872445272965727e+00 -6.296336165517053551e-01 -1.622118976426098758e-01 8.367865304698274276e-01 -1.679853846842604748e+00 -9.873242777046514762e-03 2.132097511771684939e+00 2.436631126338409725e+00
1.177173917070901688e+00 -4.625803003759514365e-01 -1.464863233589559055e+00 -1.921196970529399639e+00 -2.388767588613854187e+00 1.239016225515462644e+00 -1.312145616730033826e+00 6.147486490289815197e-01 -1.046354015141540028e+00 1.212969755547842254e+00 1.129329919458831988e+00 2.691483829471609801e-01 2.055973021557939706e-01
-8.962708834280527226e-01 9.913616414755225259e-01 7.578609112455627628e-01 1.235802687869573813e-01 -1.830657638542929622e+00 -3.768368420754653059e-02 -4.738272640362415355e-01 -3.160011544773372871e-01 4.221008532069179253e-01 3.023071546474921933e-01 -5.132984849440542785e-01 9.903883167918449137e-01 5.812375116756327564e-01
-8.816638168510797513e-01 -3.572890019373674564e-01 1.190744827625843660e-01 3.320458326446504849e-01 -1.789777808862875741e+00 6.148247115637479610e-01 -5.248076928699682009e-01 -1.130717574601406428e-01 2.655057714892635756e-01 -5.464249028569106992e-01 8.040175417738286701e-01 5.651582405123272146e-01 6.348066157516449870e-01
-1.399528758360860214e+00 -9.320801955334369060e-01 8.844916616859459513e-01 9.663105236149562849e-01 -1.783286576980313010e+00 7.095738498457260235e-01 -6.739243114085353703e-01 -3.083723331040056914e-01 -4.989146989142836386e-01 2.969193532215387843e-01 1.139849373015518808e+00 1.475508969353565680e+00 4.528206219128665944e-01
-1.397397281389674895e+00 4.689925483205268364e-01 1.193996706652141082e+00 1.073302129311803910e+00 -1.826992342971755168e+00 4.897032029943115816e-02 -1.658738902379390368e+00 -7.391387068062964527e-01 1.286892923504818320e+00 8.762689204628955064e-01 5.329953321323090965e-01 2.108604580068122569e+00 -1.028797090205245013e+00
-1.260955298327291474e-01 -1.140340569191025999e+00 -1.297855674444794993e-01 -5.214626636167697393e-01 -1.660122651574899688e+00 7.697199114296426892e-01 -7.094941753529779849e-01 2.856700974134345761e-01 -6.593958094237561962e-01 -1.567881918531459640e-01 7.036127078546401403e-01 1.316375260940011005e+00 9.875483725622344888e-01
-1.041204821641851908e+00 -1.718798106683417926e-01 -8.829070707013052521e-01 -7.852034927841917700e-01 -1.493270736522112285e+00 -1.171093732039337976e+00 -6.007119644370511047e-01 -3.600925884361363960e-02 5.995316266014263373e-01 -6.725575480584603527e-01 1.184704144476494414e-01 1.096605346374879053e+00 5.868148755567574870e-01
-7.399663305938377622e-01 3.589446500454995803e-01 3.470441041340843191e-01 -2.275926895839405217e-01 -1.753571502135053528e+00 4.026523149960903325e-01 6.584468265540160958e-02 -4.865771991096298765e-01 -2.509153436716242691e-01 -1.096153962243921476e-01 3.655012970717584908e-01 5.751163545122641718e-01 8.990701388272415162e-01
-3.132480580848431728e+00 -2.708928791720022211e-01 3.026177952020501216e+00 2.506576565674948354e-01 -1.673177072097248752e+00 1.027944520217519697e-01 -5.627051312716130349e-01 -7.131407463493621979e-02 5.966349237857915266e-01 -5.113150316673943374e-01 -3.160038597516242609e-01 1.310047733874661002e+00 8.911851464963096436e-01
-1.986233362124069757e+00 -6.819659969368969676e-01 5.530264818291442674e-01 3.953900608788218918e-02 -1.641071799117302499e+00 1.433971926447674683e-02 -3.693302092457633190e-01 -3.189377065620653817e-01 -1.040576625602921967e-01 -3.551753311822272718e-02 3.080641814072029305e-01 9.781450391059894889e-01 1.060617419119919136e+00
-1.921199480694795181e+00 -5.916296542241036294e-01 8.718067911033728912e-01 -2.981904148484626482e-01 -1.559424955536469426e+00 -3.312786698243321282e-01 -5.857239080549165866e-01 -1.511592562215774427e-01 2.842536711053937903e-01 -6.562647191412409597e-01 8.402736842729896516e-01 8.581070174116851579e-01 7.458568926916853137e-01
-3.216317129794735719e-01 -1.112864041934930937e+00 -8.902258756086409708e-01 -6.120020696672099358e-01 -1.596407760374833229e+00 -1.929584076574407669e-01 -6.675786051199696924e-01 5.324258126311132155e-02 3.831171829733048817e-02 2.959640378545508321e-01 3.846298964787561725e-01 1.105011160133437809e+00 -7.922862227222646769e-01
-3.447065892404312937e+00 3.343645722134380716e-02 1.445508202889042693e+00 -5.539625926258100463e-01 -1.467312622683359713e+00 -1.365944675443873102e+00 -1.147764866545611273e+00 3.758023147596945002e-01 9.746699425086708946e-01 -1.246002113421010637e+00 7.229023090900602577e-01 1.360428541405533265e+00 -2.913119700177139726e-01
-4.047409515822475434e-01 -1.676062733169111585e+00 1.577166921273581934e+00 1.115252882232979470e+00 -1.836737519460284851e+00 1.634003199327123124e+00 -1.157810604336127591e+00 5.630715416424271202e-01 -7.723616875771388557e-02 -1.410038485872057601e+00 1.051019041566255030e+00 1.754807092286800430e+00 1.892948789645080954e+00
-4.358555138365534098e-01 -3.826747741985174756e-01 -8.810810198449927633e-01 -8.279433357533565463e-01 -1.595869175195713252e+00 -2.618365775941965401e-01 -5.121923615030252730e-01 5.312161061507647553e-02 2.598306591593589343e-01 -2.861499492962619740e-01 1.318454931381902173e-01 5.326257607684952156e-01 7.125586451619270179e-01
-2.153618563455137469e-01 -5.595825969139052170e-01 -1.156973594071161737e-01 -5.713638621919107097e-01 -1.708080254185877944e+00 -7.610233205803627055e-01 -7.224544592527234466e-01 1.569074917234734023e-01 2.273503475516541195e-01 3.619246648307494763e-02 4.422732698350895220e-01 2.985270078966311136e-01 1.118232442688918138e-01
-6.277126404490639411e-01 -3.136348074436387523e-01 -6.105072051438276137e-01 -8.951998701723988816e-01 -1.529754798613980782e+00 -5.689589542649469145e-01 -5.521308027471921731e-01 4.033180805251679324e-02 1.567948549487715171e-01 -1.840446427717818412e-01 8.379709978468818932e-04 9.797183299596713413e-01 6.292495160694869805e-01
-3.950618790662542845e-01 -6.044153822688653754e-01 3.788156754301385543e-01 7.208595936874571120e-01 -1.920274914979492209e+00 1.014546695524169984e+00 -5.172069826334176890e-01 -9.575502148947336867e-01 1.137536224906327886e+00 -5.431174379135863539e-01 3.046399847498734714e-01 1.470856209498380585e+00 9.356303031448288676e-01
3.729815287757231035e-01 1.717624130114854042e+00 -1.045947137220700540e+00 2.601033928750862145e-02 -3.356573322601485998e+00 -2.339020919320825342e+00 -3.069702709822024200e-01 9.381148846457110224e-02 -4.959479934816122260e-01 -2.486646168370509613e-01 3.859169162006099718e-01 8.729480183853918218e-01 1.019857678859205308e+00
-1.764784511742027995e+00 1.077932393053145366e-01 9.447564827279257837e-01 8.396790144164301140e-01 -1.683830194201955344e+00 -3.647111991346077442e+00 7.817814713666682014e-02 -4.284888841934135495e-02 -2.200727378626818886e-01 -8.205904740787017815e-01 2.238460017240193056e-01 5.821308929548455469e-01 1.298727659531162093e+00
-1.088175081536113087e+00 -1.468507444014489405e+00 3.949696956998476338e-01 8.927115843385780014e-01 -1.763466726249061756e+00 -1.517622853745632439e+00 -9.145035789420652428e-01 2.684358807512854384e-02 -1.457080640699822682e-01 8.823724609015745624e-02 4.198174407273328468e-01 1.474135420241292627e+00 8.764760030921915357e-01
-3.301960042272353402e+00 9.281304001903389889e-02 6.353585473131502237e-01 8.681533664970200181e-01 -1.751840195855920879e+00 3.642413874907979299e-01 -6.261991111168319080e-03 -6.219937242454218751e-01 2.120548894680197860e-01 -4.632620783248577734e-01 9.601684915205941362e-01 2.657845200156316867e-01 4.576883310288630824e-01
-1.263192788165867331e+00 9.219524437292556662e-01 -1.890230447018919069e-01 1.171990557628167506e+00 -1.868883217412736553e+00 9.963396009208442816e-01 -8.328534028666014777e-01 -5.000528383205886662e-01 4.975691663690934297e-01 1.071715096358250685e+00 3.886683157633685215e-01 8.140272349179451528e-01 -1.065692252928248873e+00
2.669882270111550993e-02 1.999523671558357529e-01 -9.112500587804794883e-02 -7.956110405792700124e-01 -1.942704932557773212e+00 8.104494408093194657e-01 -4.035169826105818314e-01 -2.686885032646477711e-01 1.482801878104924587e-01 1.039359079539325381e-01 7.015111877455441070e-01 3.160691856114941634e-01 -2.251225811519419473e-02
-1.042471693470298222e+00 -2.317396563859885905e+00 3.318215310788001915e-01 8.283260462218435816e-01 -1.751769692282499236e+00 -7.289122518935943207e-01 -1.368249696206427224e-01 -2.357643710456236441e-01 -1.754669674529324430e-02 -1.217721890935083540e+00 1.432390333648930758e+00 4.347275697525649352e-01 1.135152938523545485e+00
-8.807552984237405624e-01 -1.148173866096267925e+00 -3.609105369916099093e-02 7.841177636574814258e-02 -1.694255105778923687e+00 1.946419872843967447e-01 -4.848428044065299369e-01 6.145155347378583599e-02 -1.601141831759933520e-02 -5.314436838597882407e-01 5.968300037964859861e-01 4.802542638094950966e-01 1.299845651581406747e+00
-1.142627578136045541e+00 8.391664286467781508e-02 -7.283354886794130012e-01 1.479764948617111608e-01 -1.743156250979804422e+00 -9.683036833013522471e-02 -3.761703560736405771e-01 -1.390933672807277421e-01 5.528806460326368688e-02 -4.475404122457657952e-01 4.503592976543293047e-01 7.413471162650882018e-01 1.013613104067538906e+00
-2.305647120811120221e+00 -3.205547580846720424e-01 2.230871754595855627e+00 8.449138776211482238e-01 -1.716856638181906813e+00 -2.424605607522134942e+00 -1.137995560273230566e-02 -1.005639466841084850e+00 -9.750703680442283083e-01 1.264131184934405683e+00 4.399077390950480448e-01 4.707560057487683025e-01 2.328435531419832394e+00
-2.884256578937700599e-01 -1.375978889332673871e+00 6.816738029221292017e-02 -1.801351859919551601e-01 -1.690417713814426515e+00 -1.765098953421759542e-01 -9.071410630813188103e-01 9.306937074274466148e-01 -1.757546831753204197e-01 -1.162564624263012547e+00 7.143577451408125167e-01 5.656792252178129976e-01 1.511332182881096386e+00
-1.621133920783383031e+00 2.206438434319552555e-01 -1.160104138226273118e+00 -9.791013753712926593e-02 -1.649309414714718480e+00 3.486510272710746650e-02 -2.340545662760019074e-01 -1.681090484636199589e-02 -8.991358822488254576e-02 -7.433174361496780458e-01 7.863828739454630234e-01 7.169913807449789234e-01 4.979929543297589301e-01
-2.198805294299795321e+00 -3.418717685138595863e-01 -2.752384075893730131e-01 6.129682269038840836e-01 -1.739841748282211942e+00 6.835568801036195907e-01 -5.749945710848292091e-02 -1.583435508496389144e-01 -4.802293189359874148e-03 -3.481450546596539519e-01 5.264763992884853305e-01 1.355187620245555946e-01 4.230731022161824395e-01
-5.458278789089441307e-01 1.328186270423941995e+00 -1.994936641689765811e+00 1.580098479081079699e+00 -2.164987274340444134e+00 1.025838367015584618e+00 -4.119757724874399396e-01 -3.720014284756673062e-01 -2.813301730251099309e-01 7.229165917267282859e-01 1.595984240135838172e+00 -5.009854916506116806e-01 9.201701943545281814e-02
-2.785196879554196592e+00 -3.990664404028806400e-01 2.447946544559965965e+00 8.713299240812257818e-01 -1.722974426114273205e+00 -2.097927152844239806e+00 -2.833770225261884601e-01 -4.975105899855771785e-01 -7.441890510074933296e-01 4.793103534816817723e-01 1.034741508781783281e+00 9.730625527469652924e-01 5.403656309618293241e-01
8.517816155930322264e-01 -8.639230817497614012e-01 1.427923414839244343e+00 -1.021928711564200398e+00 -1.980012035272142867e+00 1.563455628771003969e+00 -7.021976109213308170e-01 2.834560236742681982e-01 -1.159266737985908735e+00 6.404737180351322001e-01 1.112524581505020649e+00 5.540637822700200665e-02 1.321429830363049174e+00
-4.178565304752467569e+00 -1.281020587982569570e+00 5.713286002713523493e-01 4.057343842626652264e-01 -1.695237928479632838e+00 4.513236023754271242e-01 -7.583142209754959451e-01 5.695981732132697761e-01 -1.463855757491361542e+00 3.913198029202613615e-01 5.605107021711397408e-02 1.320013688111002947e+00 3.339922741189789157e+00
-2.360745673286812063e-01 -1.453066838410451034e+00 9.068803236594058514e-01 -2.485633273920594410e-01 -1.667140442946136503e+00 -1.105688524893952973e+00 -7.668573181667478478e-01 -2.164498645754773243e-01 1.247039564729927053e-01 2.590881804101623498e-01 8.844041647298012121e-01 7.611145107076601191e-01 -1.186533460000385176e-01
-8.632286561765897259e-01 -8.292507549571364045e-01 7.253220088986904734e-01 -5.327074607112367577e-01 -1.550407403102038506e+00 -8.646348999727863083e-01 -7.780842849400919636e-01 4.081519285299243238e-01 -5.384745592571886785e-01 1.610426198178572244e-01 3.863041917109726331e-01 1.328560478992553584e+00 1.951003477698873279e-01
-2.200605052304216991e-01 -9.745388147104476761e-01 5.654322812819616573e-01 3.634280855515168440e-01 -1.868933400336158623e+00 1.204778899090541477e+00 -9.048596144787597328e-01 4.313942872934786177e-01 6.595671300085406141e-01 -9.295095475334445023e-01 1.020812567260362291e+00 2.138397885758939743e-01 -5.557239703982452816e-02
-1.039641271158328495e+00 -1.070738716352862552e-01 1.151908401687714800e+00 1.123524828972802814e+00 -1.847362549407314258e+00 -6.895759931535383469e-01 -7.068615004133829149e-01 -7.921291193370261219e-03 -2.992385995516836372e-01 2.699816605182419060e-01 -7.566171112714514813e-03 1.677104243226489988e+00 9.916563326704057602e-01
-6.227112388448783342e-01 -1.304895028545038693e+00 3.159329372562902360e-01 1.084453255320644960e+00 -1.832501049856539499e+00 -1.228342606168744133e-01 -1.783594139478663632e+00 1.444661891826633848e+00 -6.854270305653833439e-01 -4.633534760064180746e-01 4.366501075244959562e-01 1.833534333411307227e+00 1.830434186764200222e+00
-6.006900658496877599e-01 -6.309797026869556902e-02 5.120019658508534466e-01 -1.585388420666468345e+00 -1.355471195511725346e+00 -1.875364893800515631e+00 -1.877695599571914953e-01 -9.241815533165533836e-01 8.583205340403867734e-01 -9.861614814894809067e-02 -6.717046639376814676e-01 1.576978125995345703e+00 9.452873274392246117e-01
-5.946639010207521725e-01 -1.049717854984885568e+00 1.446066037130572801e-01 9.446938775553754830e-01 -1.853535511257245361e+00 4.243942416577712429e+00 -3.415122094989305745e-01 3.244192872818558726e-01 -6.674895867524317516e-01 -1.054976926231669498e+00 8.837728424050884657e-01 9.524149853600020199e-01 2.123294934095985020e+00
-1.093983724034218952e+00 -6.054395340953333537e-02 2.090816492882038968e+00 -1.692365707162414967e+00 -1.224012783571000407e+00 -1.777959463951234387e+00 -1.228526577056828328e+00 -2.176177378346033642e-02 2.104737052959004817e-01 7.537427881235552185e-01 9.499064973420410229e-01 9.806272489168138540e-01 -1.299402564234835245e+00
-3.853700361696588139e-02 -2.767121474911220069e+00 1.937288493895716002e+00 1.049420867415744807e+00 -1.800798012706595452e+00 1.642265310124952027e+00 -1.359562501784061350e+00 7.884366769964886723e-01 -9.345423633128839835e-01 1.627770277348075667e-01 1.767784437968497491e+00 4.116432974634537389e-01 9.318672939053291859e-01
7.548442076679511281e-01 1.479607763001027365e-01 -1.423640853874757140e+00 -1.450915184793131640e+00 -2.615428613714013029e+00 3.443461471514147831e+00 -5.336668577834715599e-01 -2.518270872447798681e-01 1.121042463772754960e+00 -6.444194235127925774e-02 -1.548239941966457867e+00 6.753318331948316988e-01 2.386253147259167040e+00
-7.891511453967245959e-01 -8.503734984473825254e-01 2.648987353974631143e-01 -4.020546761132116620e-01 -1.601083484121126332e+00 3.657242197791137350e-01 -6.732788207189195351e-01 -1.798814464286553894e-01 2.009712804972144662e-01 3.145499714905120037e-02 6.218630264663900231e-01 7.932868814861914197e-01 1.790725636062725779e-01
-3.129816388175269415e-01 -8.581509700155228737e-01 -9.919145292837616701e-02 5.487582014134095854e-01 -1.884674306405533573e+00 -5.051575219436218456e-01 -7.040343232463270873e-01 3.050497422390249236e-01 -4.056007329981933252e-01 -8.809330002193416220e-02 8.269644522439218992e-01 7.106008099129497158e-01 4.639535566764729779e-01
-5.741802495313108601e+00 2.087179804524841309e-02 1.871665700247261199e+00 8.734020534567503713e-01 -1.745741190467442694e+00 -1.852329315982392810e-01 -1.277640701574476623e+00 2.634495629015399798e-01 1.131907304981680795e+00 -1.718785342060593857e+00 1.752341425361753080e+00 2.890309885885327112e-01 7.811497458690491724e-01
-7.223312951009339677e-01 -1.425416507439338509e-01 -4.335000432366311607e-01 -1.494598440750840584e+00 -1.348830385640076512e+00 -9.890719730844332869e-01 -2.180885776343997606e-01 -3.740619807832293309e-01 1.509880208940179713e-01 -3.064158569965165224e-01 -8.286258394883594391e-02 1.310550883274186118e+00 9.446245563743250750e-01
-7.069872494312523514e-02 2.083139874113564716e+00 2.162444993302730989e+00 2.770403932534890146e+00 -2.596337485156885450e+00 1.077853261492303316e+00 1.383484363184825927e-01 -8.673739669982620804e-01 -1.055493930450239537e+00 1.610928881606514818e+00 9.641429278500417421e-01 1.015744762262767775e+00 -1.617478760556326556e+00
-5.897631682287528543e-01 1.213468416756290358e-01 -2.250758710908287163e+00 8.595628937708396089e-01 -1.992360734725496796e+00 2.316070574350550526e-01 -2.914303063104807245e-01 -1.995072160792135119e-01 2.590136693102808030e-01 -3.897625304670481738e-01 8.007512321259957488e-03 1.255331146328783953e+00 3.454476312624927825e-01
-1.453332672976653139e+00 -1.864682734138379816e-01 -1.920305205811623783e-01 3.537280624511904836e-01 -1.734558617135364633e+00 -2.333367603477574104e-01 -4.228387839247632063e-01 -1.623031267317474324e-01 5.065276635765867397e-01 -5.671877804862585082e-01 5.773112397179407385e-01 3.659434638199566825e-01 4.501130745427467383e-01
-8.552781507450163412e-01 2.224777209938852973e-01 -6.129532400318334906e-01 4.297523154734317341e-02 -1.780860897835701451e+00 -1.984960495363922717e-01 -3.929056982371917917e-01 -1.047243501408134381e-01 2.493576996180846272e-01 -3.386418424835948571e-01 -4.315545642707140361e-01 1.289698416941922776e+00 1.284597016190740515e+00
-1.002629967570592973e+00 -9.640244273269549247e-02 -4.284090456934789293e-01 7.325874990956620092e-01 -1.837652377782320157e+00 -1.833941288408263981e-01 -4.439527385832729989e-01 9.632204414635359147e-02 -2.094578995908856212e-01 -4.435684507794747655e-01 3.439599374025491541e-01 1.094564718209004361e+00 1.012720938207771315e+00
-3.006555999492814824e-01 -3.955192321516909360e-01 -2.277657599534178012e-01 -2.726142294817380796e-01 -1.791024791442019426e+00 -4.918225798120694492e-01 -5.898666506947782828e-01 -2.388356991867790491e-03 -3.390864550177103420e-01 -8.717233647134144114e-02 6.532029363913079978e-01 1.136230308696622782e+00 7.209444999235269380e-01
-6.060993261765581508e-01 1.106283238552264458e-01 -1.106778409063463808e+00 -4.435747930585653975e-02 -1.823745840696017195e+00 -9.296369270050591771e-02 -5.028834751496805699e-01 -1.689349051872606755e-01 3.305618471980112938e-01 -1.169054163880073327e-01 2.466964414160618957e-02 9.480970106902604222e-01 4.789045483678782134e-01
2.125606291941033454e-01 -1.070933503933949815e+00 -9.774965747295463192e-01 -8.530220686597686508e-02 -1.885579532943456149e+00 1.950696160866072226e-01 -1.067502322358155231e+00 4.068036200240688349e-01 3.495524746130472260e-01 -4.710111745848788445e-02 1.030070705563506106e+00 1.028624821813488577e-01 -5.031173275139859680e-01
-9.055052490763860762e-01 -1.965691724214343683e+00 1.024763940474436419e+00 9.007668966609362338e-01 -1.775109813055105512e+00 5.257033439820751886e-01 -9.554846274582935450e-01 5.491721925480586020e-01 -6.863523948836509625e-01 7.258926623230534947e-01 8.827669324228435421e-01 3.989034395213747475e-01 -3.387340322282833549e-01
-1.134946751315216718e+00 -2.270354750643177155e+00 2.027750218439876573e+00 1.002886616410683551e+00 -1.768645191188297217e+00 1.810425512337664022e+00 -3.446908214195792963e-01 -5.468062895451482330e-02 1.188105142981101814e-01 -4.082141880710999371e-01 1.049823264338040518e+00 1.364083695585521783e-01 7.590978552963059678e-02
-1.210537885193163632e-02 -3.194504383430837091e+00 -7.983071331955424732e-01 8.065280182168368395e-01 -1.673662132156186866e+00 -3.686648656256108936e+00 -5.262286719634102772e-01 1.100227896087730139e-01 -1.631247978868230475e-01 -2.732487148788984577e-01 1.891666768008425370e-01 1.513457818798197074e+00 5.558148347618269147e-01
4.727862001888893939e-01 -3.949624701565244145e-01 -5.619543052247006898e-01 -3.161989437299108641e-01 -2.187189315065032336e+00 3.408144401043187166e-01 -5.755831501919920212e-01 -4.180204617694516789e-01 2.923912398689080261e-01 1.370549353357010114e-01 1.928511520939837909e-01 7.917346634882558298e-01 9.961892525893527583e-01
3.408122760423510922e-01 -2.236209918347582537e+00 -6.833807526184949577e-01 1.150364775306736753e+00 -1.876146237461879140e+00 1.338734595338074929e+00 5.605304461561964047e-01 -1.382237014399442465e+00 -7.262968244775400706e-01 -3.759102474011624118e-01 1.907910309008685967e+00 9.097197649790863538e-01 8.150778842480375097e-01
6.515639765104548342e-01 -6.519907751379654393e-01 -6.167485042337723655e-01 -1.619396975676444139e+00 -1.818900712617719240e+00 1.333267325497368372e+00 -5.126610847443382468e-01 -2.436379062056654443e-01 4.735336363974103069e-01 -1.211485746947861541e-01 -4.132935793617666942e-01 1.022202887572304153e+00 1.283033784559675761e+00
-1.034045764331993356e+00 -1.441622399826223200e+00 -2.398210549645052314e-01 4.947161343262305722e-01 -1.630474860343353649e+00 -4.140363937762003843e+00 -6.854298323637652013e-01 -4.466942199704818650e-01 1.078608177357340603e+00 3.958333588735529207e-01 -8.575334236408649335e-02 3.327106373724544319e-01 -8.943299671559912234e-02
-1.169982885623204183e+00 -5.142587084970787203e-02 5.007965015658853020e-02 1.035734128381732566e-01 -1.719881535082393498e+00 -1.772968979693742564e-01 -5.137900422105616816e-01 -3.156785065482307640e-01 5.349924597365753876e-01 -7.062685206700392015e-02 2.287685153218927125e-01 7.819882705041591997e-01 1.213707548656356300e-01
-3.807661889099371866e-01 -1.525954046350869397e+00 5.213354318503499174e-01 -1.331349753618618514e+00 -1.329438038302651615e+00 -1.642069636898350615e-01 -1.723434727358570395e-01 -9.159906024072325126e-01 -6.573215467019167813e-01 3.110495448452957890e-01 9.211415475858988344e-01 1.808627653557324466e+00 9.715498824012541723e-01
2.512147721597750571e-01 -8.806208202159335752e-01 2.883314695033430963e-01 -1.220043095857490822e+00 -1.621748203710685399e+00 3.435308831742095448e-01 -1.479092693370076095e+00 -7.974328618239096000e-01 1.272486739658450050e+00 8.992110239380292080e-01 9.036417183241880480e-01 1.210730576513124213e+00 -1.319253790488294609e+00
8.051083385733335263e-01 6.656526922631140764e-01 -1.240308137958855972e-01 7.878690692410166285e-01 -4.094419555126631138e+00 -1.123707296158130697e+00 -1.337270073262426973e+00 -5.071307638400147227e-02 1.055852605869159744e+00 4.058765363077294630e-01 -3.867745833610793937e-01 2.399144919768753104e-01 1.573004914939556409e+00
-1.766453407593579217e-01 3.115629706665227427e+00 -3.675533103762869680e-01 3.757260773372173901e+00 -2.526995722214226081e+00 1.407592853836712843e+00 -1.378045637120314693e+00 9.171380610319985749e-01 -1.319591958753596250e+00 2.428661096592347413e+00 2.047925780374539428e+00 -9.527289995774056441e-01 -7.425886388224675061e-01
1.155144170177451635e+00 -1.206198652813458283e+00 -5.216320518747752377e-01 5.499429926221496290e-01 -2.319101711804802513e+00 2.205295106609735711e+00 -9.968190803227769958e-01 5.288169023015856229e-01 3.175992252663232818e-01 -4.933854348388075350e-01 1.022281586977008327e+00 -1.199127947045782183e-01 4.205438830960123164e-01
-1.057561877877244427e+00 -1.087741886987281914e+00 8.481582961412024169e-01 6.738957910557740183e-01 -1.773192649705960022e+00 -2.917875970603092117e-01 -1.618696706027409338e-01 -4.552739068649780396e-01 -2.172238938941150055e-01 1.348479064547390416e-01 1.955023201543258926e-01 1.140121452112621725e+00 5.903676109334649036e-01
-8.294585667582834443e-01 -2.329632327829400218e+00 5.601585753088051955e-01 -5.698742226097197605e-01 -1.484620234622894053e+00 -5.299173547633215797e-01 -5.850871782690481027e-01 -2.582009252085639694e-01 4.056496379972355237e-01 -6.313541417987970084e-01 5.869082501981819355e-01 1.010773882798414736e+00 1.007760015979577872e+00
-6.660817897723926295e-01 -3.505891383267912609e+00 1.013166654790514487e+00 7.366727396391099525e-01 -1.743427225153361126e+00 1.055113297239250736e+00 -7.181067644035701303e-01 8.180300207575763594e-03 1.561471692690824531e-01 3.306132881026435655e-01 5.282892287900543549e-01 5.135432038948289923e-01 -3.621525126163270825e-01
6.019941902906333908e-03 -1.857028399316882350e-01 -2.611641487853066934e-02 -4.145232289111353552e+00 -1.286624981597311423e+00 -1.735719980444035304e+00 -4.673316746026300872e-01 -5.827899607853752606e-01 -1.270434557484330651e-01 4.343399674641100217e-01 2.363898354762467013e-02 1.984044069947385580e+00 8.099231847491052960e-01
-9.860410736397940967e-01 1.449577124186017585e+00 -1.191951239666956819e-01 1.284701360891878252e+00 -1.948380642525614492e+00 -4.486062921635639716e-02 -6.964381513346181718e-01 -3.565372251810488419e-02 1.160992381059585687e+00 -1.608527029015238141e-01 1.287442413476516390e-01 -5.587134134183731060e-01 6.424390118410870931e-01
-2.728816733642890124e+00 -8.697214032046958199e-01 -1.279880053304861542e-01 -8.104447108797006027e-01 -1.398575789360875010e+00 -1.623669106722649413e-01 -1.843400758723079957e-01 -3.492108567045284495e-01 -6.970117505698231186e-01 1.988800249095269423e-01 9.828882739766817700e-01 4.298756950757978146e-01 1.062595956105831796e+00
1.137659707788253538e+00 -1.953412865881409832e-01 -6.700091321518935050e-01 -8.185881718993265332e-02 -3.198571202284993475e+00 4.820024660987868304e-01 -9.760483051679136324e-01 3.606767004630796469e-01 7.279743637595903483e-01 -6.221475329631656059e-01 2.483898508268538030e-01 4.906114551910013555e-01 5.541138316945923847e-01
-4.354585089606414217e-01 -7.263770229224852937e-01 -8.071357463376469532e-01 4.688142784818531972e-01 -1.866317703283072005e+00 -2.800900004813320354e-01 3.314343386239505529e-01 -5.509819209146158414e-01 2.944476732239338368e-01 -5.363456715876312453e-01 -9.505822502961598364e-01 9.255215747528693360e-01 1.856790041564334803e+00
1.061170137616332498e+00 -3.263353867741891623e-02 1.175930827199493045e+00 -5.110975676002222912e-01 -3.205230875385685518e+00 2.484460623632139820e-01 -8.952327431317324002e-01 -6.588760358636163161e-01 5.491753714706626432e-01 2.804896083748347202e-01 8.080285179726294231e-01 1.413607507359339488e+00 -1.205657404275461975e-01
-1.153453746317560480e+00 -4.537854396610592200e-01 -2.778868331247930090e-02 -1.253916505805005688e+00 -1.328498855755650299e+00 8.108018457503792797e-01 -8.536465765232490455e-01 3.316568258914243117e-02 7.691645020048798465e-02 -5.252918184940156276e-01 6.158340627240507237e-01 1.283712266303822513e+00 1.429461745312712528e+00
-6.539364878641193979e-01 -6.697375057415034805e-01 1.464755763209875383e-02 -9.958325179791585047e-01 -1.460286073050094391e+00 3.662246846594096605e-01 -6.834476610482872472e-01 -5.256354686850328757e-03 -9.019531193827405591e-02 -4.757827417771092748e-01 7.110651868527920749e-01 1.109467296611171161e+00 1.347075149392849225e+00
-1.849428355341120378e+00 -1.934842897106306692e-01 1.822328978504427210e-01 6.938353523700011571e-01 -1.749324327612227670e+00 -1.075381237570147697e+00 -7.524175536909657458e-01 -3.760430689353852496e-02 7.099755893978512145e-01 -9.046404200561291020e-01 8.416131559499631098e-01 8.723227158961783800e-01 2.463379684139976877e-01
-3.894445667981130121e+00 -6.246934199231679585e-02 -5.008083991088786435e-01 5.960234124822991753e-01 -1.726454166912171573e+00 2.174557742303724894e-01 -6.186820718060572766e-01 3.888594563456604369e-02 5.883346626470680185e-01 -1.628519653587510163e+00 5.523123178495062957e-01 1.078292226643042806e+00 1.612763463655003893e+00
1.306332297116710728e-02 -1.012749481332635870e+00 -6.173893605555196284e-01 -2.137326906798880266e+00 -1.289963787053109101e+00 2.053752735724444278e+00 -6.463578013712872883e-01 -3.382676536183598648e-01 1.469591013480572306e-01 -5.271268828828119535e-01 7.416310172114843891e-01 1.460097128526946175e+00 1.370616511491862033e+00
-1.010839348145255334e+00 -1.159507414742660281e+00 1.619733195529467151e+00 1.036579913212433812e+00 -1.793644490231007804e+00 -9.609984716751448497e-01 -7.907725751676339954e-01 7.875972468135874482e-01 -9.215582870415923722e-01 -2.912162361848453229e-01 7.558734153686154089e-01 1.180517652936904138e+00 6.808380335402759442e-01
-5.782038366918431649e-01 -2.174121919720873874e-01 7.021218701704996512e-01 8.246141814703449313e-01 -1.914082812164102476e+00 -1.122992401637567861e+00 -6.944882647500330020e-01 -6.590040754937355194e-01 5.272466606204977424e-01 4.170041556284813655e-01 1.030425414311421539e+00 1.090223464036516710e+00 -1.208674758297009655e+00
-1.536161902929391587e-01 -2.069206351297475877e+00 -2.953111828423530261e-01 -7.399584406723640484e-01 -1.488343435701736439e+00 -5.783867023853703770e-01 -1.110958753109350328e+00 7.683321145943666775e-02 1.334166273429820415e-01 -5.168365899460686252e-02 1.347328879013047764e+00 8.951877015802187643e-01 -1.462485286923054240e-01
-1.488744633729739419e+00 -7.567630763819654938e-01 1.248903310990238991e+00 8.399998732123576950e-01 -1.774103268953509893e+00 5.825310779278685125e-01 -2.824487265529204150e-01 -5.817394024965336641e-01 -2.994259913456295830e-03 2.046247966630372339e-01 2.029135504623519326e-02 1.222076146722103962e+00 9.879760553123414502e-01
-9.405960371911645801e-01 -2.889035094100919743e+00 1.519358191023018056e-01 9.858006836198465184e-01 -1.762663801030505795e+00 1.116085696480198619e+00 1.184790722379064354e-01 -1.194559965295684201e+00 -1.997793066130667539e-01 -6.558356520539434520e-01 1.359314057405688336e+00 1.297575171414904416e+00 1.681219616308120557e+00
-3.974177832889502771e-01 -1.183395348073723152e+00 1.261199133749687507e-01 -1.405525551977901966e-01 -1.703909952526225569e+00 6.387116941238275558e-01 -8.174712468203718663e-01 2.530330561068344086e-01 -2.550011667574575425e-01 2.867278723997019885e-01 9.428051538345484373e-01 1.409247875210078438e-01 2.740082218868150621e-01
6.621956935305318703e-01 -1.488106510411499050e-01 3.600394587213877617e-01 -2.411906558566485170e+00 -1.986385010966640330e+00 -1.579388216478258222e+00 -4.009534901381574534e-01 -9.468563696188661005e-01 2.896469311100032668e-02 7.707525919535405112e-01 -2.331133095051663995e-01 2.167101456919296343e+00 8.280687935119021015e-01
-6.523022549253829627e-01 -3.853874877568134183e-01 -2.372246454761045842e-01 -5.233076801658210764e-01 -1.616104178018728410e+00 -1.644100030903693277e+00 -9.783412629754051348e-01 1.368674849829279450e-01 2.248486410661828805e-01 -1.798070875601349428e-01 9.698653512014272504e-01 1.246079685323862929e+00 -5.797707049542049074e-01
-6.413639675900874026e-01 4.013948083871110573e-01 2.925395384005755051e-01 2.226621920036020441e-01 -1.884689394429853948e+00 -8.988700837857260817e-01 -2.990129369616483235e-01 -5.279907979564330001e-01 7.579573490360926868e-01 -1.107021496814313832e-01 -6.649882868313800044e-01 1.020736589783065362e+00 1.031091486290676817e+00
-1.667817137461502508e+00 -2.917029029399915152e-01 -2.552477113833481193e-01 8.989915230719385253e-01 -1.784639402876194936e+00 2.321525548622513480e+00 1.420767662750450633e-01 -3.119827027503946359e-01 -1.108246652879287808e-01 1.621099510461800897e-01 -6.037958050158322987e-01 7.605001156371837823e-01 5.340314649744453135e-01
5.331562402030716186e-01 -4.810245757390014809e-01 5.725606616387891173e-02 -1.134282973475037454e-01 -2.236591823045801508e+00 -2.025351567020884647e-01 -6.687776387917865328e-01 -4.475775723573051090e-01 7.755930389469188890e-01 1.780925826630565256e-01 3.002744258555513079e-01 6.369231054167453498e-01 -9.054605005666653550e-02
-7.201498181794339093e-01 -3.426334631539830200e-01 -1.331263711332551392e+00 -1.442680620448407947e+00 -1.355949075823689842e+00 8.289696994987377776e-02 -6.029691406169569445e-01 3.211105353780788763e-01 -1.470156523044746644e-01 8.833114110614159742e-03 2.034177028558121214e-01 1.158325048372004229e-01 1.149563077587143933e+00
-9.983666243543344310e-01 1.889715475777704601e-01 1.723491040173573408e-01 4.977495063621313331e-01 -1.827226976891136001e+00 2.199088595619168585e-01 -6.971522887273110536e-01 -1.929088776882283141e-02 5.970437783398578890e-01 -6.844798836990091395e-01 9.044128627325350722e-01 2.289806801751985699e-01 6.184309508008146716e-01
